12 36 19012
5 4
4 5
5 3
3 2
4 3
2 6
4 1
4 5
3 1
2 6
3 5
5 2
6 1
4 3
6 5
5 2
6 4
3 2
4 3
6 3
6 3
3 5
2 6
5 1
7 10
10 11
12 9
9 7
11 8
9 7
9 10
11 9
10 7
12 9
12 9
8 7
9 9 2 11 9 10 4 1 6 9 7 10 
4 20 17824
1 2
1 2
1 2
1 2
2 1
2 1
2 1
2 1
2 1
1 2
2 1
1 2
1 2
2 1
1 2
1 2
4 3
4 3
3 4
4 3
1 4 4 3 
25 18 24532
19 25
20 14
20 15
14 16
20 25
19 21
18 22
17 15
17 15
21 25
23 19
22 16
19 21
22 25
25 22
16 23
19 23
24 16
10 11 9 21 17 3 20 21 4 24 24 14 20 22 17 18 1 17 17 1 11 18 18 8 20 
29 4 24770
27 28
26 20
19 20
16 24
5 27 4 4 19 4 16 3 10 14 5 9 2 28 18 14 10 11 26 22 28 22 14 18 7 24 10 6 14 
16 20 8385
4 5
7 1
7 2
7 5
13 9
11 14
13 16
14 11
14 10
10 15
14 10
16 12
12 9
9 11
12 13
14 10
15 11
11 12
14 10
16 14
6 7 5 9 8 7 2 7 9 14 13 11 3 2 2 11 
25 47 16684
7 1
12 6
10 8
9 1
13 10
11 7
10 13
10 4
5 3
12 8
2 1
5 3
13 4
8 10
7 2
8 4
7 1
9 4
2 5
5 2
11 3
2 9
23 22
20 14
16 19
25 17
16 18
23 20
17 20
24 20
23 18
25 17
16 18
17 15
25 21
24 18
21 24
19 22
15 24
18 15
25 15
18 21
18 22
20 24
15 16
25 24
18 20
6 1 25 21 15 3 17 1 18 19 24 24 24 9 9 8 17 9 18 21 17 4 25 1 19 
4 0 23014
4 1 3 2 
9 7 25727
8 6
8 7
9 8
6 8
6 9
8 6
8 9
3 7 6 3 4 9 9 2 2 
26 17 15927
26 24
20 24
15 24
19 23
18 21
23 20
21 20
15 26
14 22
16 24
15 24
18 22
22 14
24 17
21 25
22 17
17 14
19 19 17 17 17 17 8 6 5 17 5 5 7 23 26 26 7 8 25 7 1 24 2 6 11 21 
13 44 24908
5 7
2 4
7 3
5 4
4 2
4 1
1 4
5 7
2 1
6 1
1 4
3 1
6 3
5 2
1 4
4 6
1 2
3 1
7 6
1 4
7 4
6 5
5 3
3 4
6 1
6 5
1 2
1 7
6 7
5 2
3 4
10 9
12 11
13 12
8 10
10 13
11 8
10 12
9 13
8 12
9 8
9 11
8 11
12 9
2 5 2 7 5 12 9 2 7 4 6 13 2 
100 33 25188
52 92
86 68
59 89
82 61
87 97
89 77
67 75
98 67
59 63
62 95
72 69
89 69
70 94
90 85
94 73
99 62
63 78
64 75
55 62
81 92
66 93
88 61
52 80
94 92
97 70
55 67
95 58
94 95
95 85
87 67
79 52
85 96
74 72
29 37 50 18 25 46 13 68 47 84 27 22 39 71 63 52 57 38 34 48 83 86 99 17 22 45 45 58 80 12 49 78 52 83 38 97 81 94 11 59 74 91 100 28 37 23 15 28 10 97 44 71 50 6 70 27 41 10 13 8 49 5 53 48 9 29 60 41 53 3 39 56 98 68 36 19 40 62 24 10 37 92 63 93 9 54 13 17 40 92 48 100 36 41 61 13 92 50 83 72 
100 195 10827
39 10
36 43
16 3
23 44
21 17
3 26
40 28
26 25
39 24
4 46
26 30
45 43
25 5
35 29
35 46
38 34
11 41
26 12
11 1
29 43
8 23
50 6
36 34
40 17
21 4
15 27
42 25
27 20
36 3
23 50
23 39
4 15
20 22
7 33
38 30
6 41
2 22
47 5
28 24
17 45
15 17
34 22
20 29
12 22
19 21
16 20
36 40
9 48
13 35
32 3
18 27
32 50
25 13
32 20
28 8
2 7
46 12
42 24
36 28
17 40
4 37
26 8
9 36
13 42
49 39
47 45
20 37
2 45
14 9
50 9
3 37
27 24
46 26
6 31
7 14
35 28
30 49
34 4
13 42
44 34
35 28
50 16
17 50
28 25
49 50
6 39
9 30
41 10
25 36
44 28
43 41
12 28
44 43
1 45
1 12
82 53
95 66
70 59
64 94
69 100
71 83
67 85
52 82
60 72
77 78
88 87
81 59
81 64
53 89
87 80
67 97
68 77
83 92
90 89
53 55
91 75
57 64
87 90
56 88
88 81
74 61
73 67
71 79
64 86
96 68
77 58
92 60
59 87
73 55
75 67
90 57
100 78
64 65
90 57
93 78
87 83
67 71
79 84
58 55
83 85
95 92
85 67
53 93
51 80
79 99
62 96
76 56
69 78
79 60
87 59
98 93
82 67
51 63
80 93
65 77
63 74
65 92
85 52
72 56
58 86
59 87
89 85
90 58
78 51
60 100
75 97
80 75
76 77
100 58
95 91
78 81
81 74
100 96
66 73
62 79
85 66
64 54
57 97
53 80
52 89
74 92
61 99
86 66
85 91
72 99
92 89
57 100
87 81
90 54
80 86
84 72
59 93
97 58
75 80
81 75
54 60 52 43 61 5 33 27 67 45 68 12 79 84 57 54 93 37 35 30 4 84 66 55 87 45 21 29 63 53 48 83 48 16 100 55 24 46 76 8 72 90 72 99 64 36 68 61 46 9 52 40 54 21 82 23 29 64 87 23 24 5 25 91 27 55 96 4 5 64 28 2 68 41 47 17 56 10 34 39 53 54 97 77 27 51 95 93 67 5 47 35 14 16 25 99 59 59 84 9 
100 2000 99907
44 52
37 36
14 63
70 1
76 19
54 9
31 46
64 58
57 16
64 35
36 37
38 52
43 53
10 69
38 24
79 25
44 29
26 20
4 28
53 58
29 43
47 74
47 46
7 44
49 51
57 39
45 29
39 38
32 31
76 11
6 43
77 21
70 11
65 14
41 16
19 40
49 9
53 9
8 39
38 4
54 14
7 42
8 30
27 17
45 3
78 52
66 74
40 11
64 70
65 60
4 1
7 34
48 6
77 61
33 47
55 58
65 26
51 5
45 2
58 44
25 75
56 21
66 61
7 51
52 37
19 69
46 73
26 64
19 58
66 14
18 31
15 6
72 47
69 14
4 15
59 31
43 29
65 56
14 12
35 37
73 2
46 34
29 30
67 58
64 45
26 53
19 15
25 33
36 37
36 79
37 30
23 18
77 3
18 68
46 63
68 42
55 3
59 25
26 25
59 73
32 55
13 56
44 38
10 2
45 4
25 32
56 7
37 14
70 51
18 66
58 13
33 42
69 17
34 52
77 49
41 20
27 63
37 66
21 14
45 34
44 51
75 24
38 49
30 75
14 38
42 9
26 48
3 59
77 20
42 27
78 32
70 35
10 79
55 24
70 77
24 7
23 27
35 47
5 38
9 31
45 67
65 1
70 30
33 23
6 35
27 36
38 28
26 15
19 61
46 20
55 28
67 59
40 4
8 45
78 76
31 36
27 52
80 34
22 80
52 53
56 8
47 41
27 78
60 31
32 18
31 61
80 3
71 6
5 22
51 27
26 44
71 49
32 31
31 53
50 13
35 46
27 9
27 50
71 46
21 43
55 21
53 59
57 25
12 46
24 57
60 64
79 46
42 47
4 77
21 33
3 47
39 72
39 15
10 21
48 4
28 60
18 16
38 23
59 8
73 45
39 36
42 68
39 73
80 52
79 54
59 14
31 60
7 77
69 18
33 76
80 55
10 41
8 25
26 56
60 6
71 74
76 65
53 16
73 71
16 10
25 2
8 37
63 61
44 69
11 58
75 31
30 33
54 74
1 57
74 54
70 44
45 78
14 22
55 26
28 62
51 9
43 24
53 45
60 74
62 55
66 46
30 4
50 72
25 24
36 24
46 26
31 50
52 32
21 76
5 61
42 71
16 40
59 2
57 30
28 43
4 59
51 40
66 5
67 53
59 41
27 46
61 11
1 63
19 72
57 75
74 14
26 42
80 15
18 54
13 17
9 56
55 25
20 14
64 57
75 16
19 72
77 35
32 17
66 77
19 47
66 26
76 7
4 79
74 70
73 77
73 45
10 56
62 42
15 25
32 9
65 80
42 10
50 78
30 69
28 50
60 43
8 2
35 63
64 77
55 6
70 31
36 74
71 20
50 53
10 80
41 28
45 15
55 73
2 72
32 46
6 55
21 55
3 28
40 63
22 62
79 21
71 17
39 36
58 50
79 77
4 26
71 3
3 76
70 25
45 52
56 4
7 8
43 46
51 46
62 8
73 46
71 51
9 73
52 80
31 58
37 38
8 59
40 53
53 11
4 73
14 32
58 17
9 8
40 32
43 36
32 4
29 22
42 37
35 10
21 80
41 19
3 69
78 24
22 45
70 63
53 64
75 24
20 70
68 78
3 44
8 9
37 41
5 55
51 50
34 43
63 56
35 32
78 72
58 3
78 47
1 37
59 23
62 10
63 50
2 24
68 54
51 1
22 24
12 18
45 8
67 27
42 30
12 15
31 3
60 46
68 36
65 50
55 66
80 38
3 61
62 78
21 66
19 66
75 18
60 13
77 53
80 38
1 63
22 28
42 18
5 7
32 36
43 77
6 35
2 18
56 22
48 4
67 37
78 6
9 12
11 74
21 76
2 5
13 34
25 61
6 12
27 70
11 9
9 14
1 17
76 70
37 53
14 66
23 8
10 19
11 30
33 19
29 67
47 79
69 48
61 60
59 9
24 35
77 59
49 15
63 4
55 26
2 51
50 34
8 34
65 49
7 16
54 30
12 36
16 78
66 47
26 47
19 2
34 6
45 48
13 23
41 5
57 69
40 71
3 43
79 75
73 58
38 27
19 36
75 71
30 72
59 26
24 31
52 30
51 7
36 18
52 13
70 75
27 64
31 25
24 20
20 12
60 21
47 54
46 76
1 2
47 38
73 22
64 51
38 21
2 29
26 8
62 42
79 14
54 19
79 18
59 54
46 28
1 9
74 58
80 48
7 47
13 48
68 13
40 69
2 80
55 17
22 27
34 22
28 39
48 6
46 72
19 41
70 51
32 31
33 77
18 38
36 22
67 54
25 43
79 70
41 75
16 34
58 73
36 61
51 1
55 22
40 21
35 57
65 15
9 57
26 55
49 77
12 72
31 57
12 46
39 63
2 19
65 37
29 59
80 56
22 27
64 33
18 33
14 55
75 32
29 70
33 27
70 14
29 37
79 47
39 70
47 67
73 33
33 60
19 3
55 1
64 78
1 3
25 55
47 4
8 60
51 10
80 58
26 33
43 78
60 15
52 75
33 59
6 60
71 48
20 26
2 63
27 80
20 51
37 45
61 57
16 41
19 15
30 60
69 28
29 27
61 65
10 5
5 14
49 29
28 72
41 24
73 10
46 10
62 74
30 44
48 61
73 64
54 45
2 56
17 25
43 36
11 46
16 59
67 5
51 12
71 29
8 5
19 10
49 36
57 46
45 43
33 24
44 41
68 10
6 55
67 63
13 49
46 61
64 70
66 39
2 17
33 6
26 25
12 21
29 25
56 20
8 66
1 44
36 16
17 2
6 55
75 25
29 70
1 14
42 76
39 20
66 75
55 11
1 43
23 39
66 67
72 45
76 4
80 1
47 22
43 30
32 8
77 70
65 33
43 11
52 12
10 28
65 4
72 4
6 28
26 32
47 66
70 32
22 5
66 47
60 69
12 6
57 74
75 46
17 71
70 5
8 80
36 19
22 26
67 60
78 50
61 73
28 32
40 51
30 45
77 63
28 17
58 21
13 74
38 31
58 51
29 31
43 15
27 52
34 11
2 69
72 58
18 69
72 31
74 21
59 41
47 43
3 6
75 66
12 1
39 34
15 62
76 65
37 26
43 73
57 77
4 58
41 39
28 75
5 36
18 5
68 66
9 46
51 40
14 61
29 55
61 14
28 79
68 8
47 5
24 46
76 51
55 19
56 80
46 65
37 2
12 27
59 2
6 17
27 79
44 4
31 54
44 59
6 48
54 38
79 75
80 33
51 46
40 56
69 7
67 56
80 50
13 34
18 23
74 48
63 31
70 23
36 45
33 12
22 9
13 71
11 59
21 6
38 27
32 5
25 6
38 45
21 20
34 42
6 7
41 18
13 22
74 67
30 43
70 76
43 10
34 62
16 68
74 20
50 27
41 1
33 54
55 73
37 7
17 67
40 11
15 29
32 65
2 65
32 15
61 54
47 1
69 58
57 68
76 31
5 66
10 3
55 47
29 53
23 68
67 20
34 9
5 10
62 24
39 73
68 31
29 5
25 38
32 50
77 34
48 31
57 10
28 52
50 40
65 24
3 66
32 69
58 74
19 16
65 66
48 20
64 20
33 65
72 79
20 24
17 29
53 57
7 75
74 11
58 74
65 59
47 15
42 22
48 71
80 56
22 57
62 38
74 43
63 57
7 72
23 60
53 64
16 72
50 64
23 30
33 19
73 69
40 25
8 52
20 56
35 2
48 16
20 12
6 3
11 39
5 53
44 55
68 16
52 63
70 27
2 74
78 12
35 73
68 27
78 46
57 9
66 40
55 18
76 80
77 47
29 51
10 78
60 33
23 37
40 6
58 21
49 7
40 76
23 15
27 78
51 74
52 21
5 18
35 6
29 8
53 69
46 21
77 28
63 2
22 40
20 37
7 37
77 12
24 75
30 63
68 57
78 33
48 1
20 23
59 68
47 45
6 15
20 53
6 22
46 49
56 48
48 67
52 67
15 19
69 2
30 65
56 68
73 27
67 55
7 1
24 36
26 39
25 53
24 59
46 68
63 23
37 54
20 9
58 8
45 50
40 8
16 44
62 8
59 63
53 62
6 54
17 79
6 77
54 14
67 78
45 79
59 12
71 17
72 15
17 11
64 2
40 38
45 9
79 75
76 7
25 47
31 76
27 41
52 50
59 55
74 78
11 8
67 73
37 45
48 68
17 43
30 18
43 16
34 40
68 57
57 16
40 19
25 4
1 17
44 9
42 62
62 25
38 35
36 6
17 43
15 12
23 68
50 70
4 57
32 68
75 78
58 43
12 60
40 46
32 46
53 11
22 11
32 73
19 68
64 33
53 32
7 42
9 55
43 10
78 76
17 25
42 78
58 56
27 80
19 2
64 56
72 49
41 5
25 21
28 21
63 1
42 69
16 6
49 10
33 68
51 80
76 62
55 33
67 29
62 8
35 24
25 39
44 67
42 37
16 37
56 28
58 78
22 66
33 73
77 78
58 62
10 43
43 63
43 20
14 44
80 9
4 2
42 71
48 4
14 2
79 18
25 1
19 63
3 74
64 19
39 79
43 78
50 41
31 63
26 69
65 68
17 12
7 2
58 55
53 8
11 66
24 15
51 65
71 20
78 49
71 9
23 80
29 40
13 47
73 74
73 54
65 40
15 73
27 64
35 42
16 73
14 16
77 74
1 22
60 24
73 22
51 79
35 72
42 4
2 69
51 24
79 17
37 63
65 57
9 2
77 57
73 65
31 65
69 61
74 9
25 53
12 34
28 31
54 31
9 74
42 36
35 1
22 77
37 66
48 19
8 64
2 59
8 6
24 79
41 14
39 65
37 33
32 76
58 63
70 77
18 65
61 51
35 77
3 19
8 41
67 47
15 20
55 72
37 66
14 49
47 70
31 54
74 69
61 29
69 24
11 27
77 2
2 42
57 19
80 10
72 60
51 6
72 52
23 8
8 27
28 79
48 45
27 32
79 41
42 59
5 34
79 80
51 53
65 18
63 76
53 58
44 67
8 15
58 41
40 68
74 26
72 2
52 58
3 56
44 52
16 80
2 52
23 37
58 2
52 18
44 32
25 76
28 53
73 66
60 43
50 19
1 70
58 17
36 7
78 37
73 64
55 36
37 72
78 80
27 48
64 2
24 55
5 70
16 60
46 7
24 18
54 57
11 21
38 58
69 32
62 51
22 62
36 20
41 11
31 73
64 42
75 57
65 35
80 62
33 23
53 54
52 27
18 9
51 36
51 12
47 64
68 6
21 38
41 1
67 46
60 51
58 3
45 77
52 24
69 52
7 57
43 78
59 68
59 47
57 8
4 37
53 13
49 1
13 52
10 55
66 79
12 23
38 68
22 61
6 31
37 53
59 38
18 20
44 1
75 19
22 57
64 13
14 63
46 11
38 16
1 14
30 56
69 61
61 70
46 15
1 79
73 11
19 69
51 30
30 40
72 13
33 29
62 75
35 79
19 62
39 3
53 77
16 65
1 28
39 48
45 76
58 80
58 28
55 62
68 69
42 3
44 4
19 14
8 41
59 68
57 16
41 37
48 16
54 30
27 58
27 43
28 27
14 1
48 25
14 32
71 41
61 2
35 51
69 13
48 22
38 58
35 76
19 38
69 47
62 57
34 28
1 22
76 71
15 34
54 47
9 25
30 67
37 77
10 37
77 16
23 62
78 2
62 80
56 69
32 6
19 79
5 51
5 12
51 23
32 23
62 6
39 56
59 78
80 75
39 10
42 19
41 69
33 30
22 19
48 59
4 61
7 74
65 60
61 19
36 72
23 25
3 16
57 16
23 13
44 29
61 66
1 77
79 71
69 25
67 71
70 72
18 54
53 69
11 7
60 19
72 28
66 14
18 15
45 68
17 33
71 51
38 34
51 53
29 32
50 26
45 67
49 68
34 72
6 25
61 60
59 20
25 76
74 29
49 59
1 68
8 54
75 16
73 18
75 41
47 9
12 64
10 72
28 29
2 61
61 21
50 30
78 64
38 46
10 75
73 13
47 76
72 29
50 5
75 12
80 74
53 14
40 54
57 58
40 43
48 73
69 56
8 74
79 48
31 58
36 57
49 50
35 2
78 65
52 73
80 75
70 59
11 34
41 45
21 36
62 27
8 70
76 47
38 80
52 68
45 8
38 59
27 35
5 62
19 9
41 51
64 40
42 28
56 28
7 78
38 36
35 58
74 64
67 22
21 35
71 48
14 39
62 72
62 13
42 77
20 42
2 12
41 68
11 13
22 47
73 32
57 16
54 68
40 54
74 55
53 10
7 78
51 6
20 71
57 69
52 74
41 44
33 3
76 22
11 79
29 37
2 45
74 18
13 55
11 38
65 15
21 15
2 73
32 20
9 10
11 60
23 31
15 60
42 80
1 16
29 38
27 61
20 75
77 68
9 33
32 9
32 54
44 52
66 55
27 55
72 51
61 66
70 65
29 36
75 3
4 35
37 13
76 78
26 49
23 16
52 77
50 23
61 8
68 6
76 8
59 24
46 40
58 23
27 12
28 37
11 71
11 43
54 48
74 72
49 79
23 66
55 10
46 44
37 29
39 5
42 15
18 65
41 2
70 61
66 27
6 77
64 67
38 72
19 29
28 38
49 73
26 25
56 8
11 42
56 17
76 53
79 36
77 23
20 61
40 39
56 10
65 67
74 64
30 45
58 28
42 38
64 6
36 72
30 10
61 74
51 26
50 80
49 14
23 50
50 30
53 78
54 1
4 48
48 7
29 32
3 36
73 77
6 45
78 25
63 24
60 53
2 63
42 70
55 24
75 62
6 43
37 72
40 59
76 45
40 76
5 30
36 69
76 40
48 20
5 10
15 50
5 26
36 25
17 20
5 67
23 4
50 21
12 39
21 44
53 77
74 70
58 50
48 53
56 77
1 47
38 8
63 41
75 17
47 6
46 80
29 10
65 20
18 37
18 59
3 62
25 40
57 56
72 37
68 37
25 68
76 41
67 3
75 13
76 14
73 50
78 54
8 22
13 33
17 28
39 49
46 55
29 41
58 55
18 30
38 56
17 42
14 38
52 39
27 38
50 58
10 49
24 46
45 18
76 34
64 18
13 37
14 1
63 34
53 72
22 7
24 45
1 26
36 71
41 61
69 19
58 33
9 22
49 74
5 4
54 2
71 32
60 48
27 4
7 42
66 4
61 56
17 46
80 11
22 4
75 78
47 46
43 28
62 73
48 34
72 37
52 6
14 62
43 73
78 8
28 57
42 32
79 41
8 65
7 53
28 37
66 65
3 61
62 65
33 50
78 15
14 44
46 40
61 51
19 8
13 21
6 39
3 71
3 19
39 15
13 48
78 33
53 30
24 9
58 43
43 57
19 56
16 19
75 31
12 41
44 21
49 66
63 13
54 48
50 46
37 64
59 5
52 66
76 14
54 42
24 47
2 53
6 5
68 80
67 36
67 22
28 73
3 8
77 66
11 34
19 32
10 76
57 11
38 46
33 7
69 71
32 39
47 64
31 79
20 44
32 29
26 51
78 11
25 15
8 46
43 6
47 3
30 58
62 27
76 30
73 68
61 74
25 42
43 16
24 77
54 47
39 53
57 72
72 19
45 15
57 10
44 52
46 14
41 35
66 76
78 9
47 42
38 41
12 64
76 78
54 23
4 17
3 17
24 76
35 10
37 80
7 61
72 68
55 73
35 48
14 54
21 57
9 3
8 61
32 34
60 17
20 22
4 25
10 59
64 9
54 23
27 41
27 47
54 46
2 77
20 70
74 49
23 52
63 54
43 46
14 55
18 51
71 33
32 80
36 42
71 53
58 18
38 4
45 9
45 57
72 17
5 80
77 6
77 35
42 11
56 20
45 39
69 10
26 16
47 63
42 54
23 57
54 19
30 7
68 34
71 47
49 62
44 5
32 76
80 62
2 27
5 70
70 58
63 31
67 76
57 12
52 72
6 13
3 19
59 27
57 34
11 70
20 42
2 76
59 11
70 77
30 61
27 61
49 9
7 74
10 11
6 79
73 39
46 8
8 73
36 23
19 33
1 39
58 31
80 46
52 76
41 40
71 9
51 49
21 11
5 51
62 18
18 27
53 36
14 78
35 5
11 40
1 9
58 5
60 19
22 38
64 22
20 72
3 42
27 25
1 66
53 56
25 27
22 45
69 55
29 41
31 59
41 14
35 6
61 34
80 51
39 33
35 80
62 49
21 32
19 14
56 5
79 68
46 51
21 10
12 66
17 66
68 60
63 4
11 48
66 22
64 37
9 14
76 44
80 43
43 54
35 32
26 54
40 3
33 40
45 69
68 49
47 66
20 41
13 28
27 55
76 51
56 43
44 56
39 34
27 34
37 5
57 65
19 35
60 16
72 65
5 80
28 47
34 67
50 29
69 6
22 77
21 19
40 58
51 38
71 26
80 30
17 64
77 38
57 21
19 37
75 56
53 67
61 19
18 61
38 32
79 42
51 60
21 14
55 75
38 63
19 76
54 23
22 62
24 58
7 19
70 41
49 4
21 37
30 54
8 7
7 27
35 64
27 43
19 12
14 37
29 13
35 17
37 5
30 40
100 84
99 90
83 99
91 82
89 83
100 82
86 98
86 89
86 87
81 95
93 89
88 94
97 87
97 100
94 96
94 87
86 84
100 88
90 97
90 82
95 90
86 100
86 83
86 96
82 96
92 83
90 97
94 83
87 100
91 88
93 81
85 95
98 91
86 95
92 91
89 99
81 99
86 87
88 98
83 99
93 100
100 88
100 88
97 87
86 99
90 87
89 94
94 81
89 86
88 93
84 99
89 92
86 84
86 96
100 94
99 89
89 98
86 88
97 98
95 84
90 94
97 100
90 91
97 82
84 99
100 84
92 84
98 81
86 96
95 86
95 98
84 100
93 90
82 98
88 100
85 81
82 95
98 96
90 83
96 81
85 95
91 81
89 87
86 95
89 84
83 88
88 85
93 89
97 83
85 86
92 96
96 82
83 84
91 87
91 99
88 91
87 81
93 91
81 100
94 82
85 88 16 57 3 93 3 14 28 13 3 23 43 29 74 93 31 9 45 8 17 4 74 36 100 85 81 28 53 41 49 14 32 68 5 68 50 5 98 14 37 13 72 88 65 94 72 25 80 34 96 7 84 69 37 89 91 15 44 2 3 76 64 16 72 56 31 54 23 90 63 53 92 46 67 97 50 70 86 30 57 67 15 29 28 68 50 80 60 55 93 53 21 26 79 19 79 39 93 5 
100 0 99971
84 42 88 21 82 68 66 14 76 19 80 65 19 90 4 49 87 4 96 79 21 81 15 53 10 93 79 87 54 32 59 83 95 70 97 4 79 1 20 69 97 4 80 26 23 14 42 47 88 16 14 100 44 32 6 45 18 31 45 71 29 95 95 70 34 44 95 33 79 23 98 27 25 61 58 75 99 59 27 54 28 58 76 59 13 13 85 40 9 44 60 91 76 39 74 83 47 79 83 52 
