1000
11
27
14
20
9
4
38
38
2
24
25
25
11
27
11
11
35
22
27
36
31
4
22
33
12
22
21
36
38
15
7
6
11
18
29
32
27
19
35
14
23
11
2
13
33
24
21
31
13
28
27
4
22
37
37
19
3
21
9
18
36
35
30
2
8
26
10
22
24
8
6
5
10
9
10
30
6
21
33
28
29
23
4
34
36
10
6
16
11
28
24
39
26
3
17
18
38
2
9
21
33
35
39
18
24
10
17
26
33
26
21
25
4
32
30
29
17
13
17
32
26
10
11
36
35
7
15
14
31
12
30
30
21
4
6
30
27
31
7
17
17
7
33
23
25
29
9
38
21
28
22
26
26
30
13
8
20
31
2
15
10
39
24
17
28
3
35
11
2
30
11
36
14
20
36
21
28
39
28
4
11
14
13
39
18
18
20
28
7
27
8
13
8
3
7
21
30
17
13
34
29
16
15
11
10
9
39
36
38
23
24
8
4
9
29
22
35
5
13
23
3
27
34
23
8
10
18
18
20
36
38
11
29
38
9
37
32
22
18
12
38
19
30
17
38
31
15
8
36
31
2
34
32
15
8
6
2
6
35
33
29
22
4
16
11
38
2
11
21
19
37
36
12
29
35
32
10
30
3
29
21
8
11
29
15
23
2
25
22
5
8
26
17
37
32
12
9
34
11
29
16
9
8
12
25
35
34
29
11
32
25
20
38
33
19
23
39
36
7
9
29
37
26
29
33
35
17
16
6
25
8
2
15
14
34
21
36
31
26
23
33
35
25
13
32
8
32
25
33
36
11
38
6
22
11
24
36
22
9
11
15
10
13
26
4
19
12
39
13
24
34
30
25
9
26
33
34
22
8
18
27
25
38
31
2
25
37
14
34
24
14
34
12
39
33
30
7
17
38
17
13
30
3
28
32
25
22
10
13
27
2
19
7
25
23
4
23
12
21
21
3
32
25
33
5
31
12
22
22
6
24
20
27
10
13
14
30
10
35
33
31
10
16
27
5
30
20
14
15
24
19
5
16
14
18
22
11
26
38
33
11
4
18
24
39
32
10
7
20
6
10
37
10
35
16
27
3
38
4
29
2
6
5
7
17
34
25
27
29
8
23
10
22
2
3
36
17
21
35
5
24
20
2
36
30
6
11
11
11
27
33
10
30
4
28
3
20
11
22
29
20
33
38
18
5
7
37
10
18
39
23
10
37
4
37
28
33
7
11
10
20
28
33
24
5
20
31
24
35
36
32
30
23
5
36
16
26
37
6
37
17
31
29
11
16
22
17
32
37
16
25
11
23
9
29
5
39
12
16
15
13
2
24
14
14
12
17
9
12
3
7
3
31
35
27
8
35
18
23
22
34
31
21
15
19
25
21
30
26
14
5
23
10
38
39
21
33
14
37
14
36
33
16
25
2
28
11
20
13
11
15
15
22
22
11
37
24
38
32
3
16
33
10
33
35
32
18
10
17
12
32
15
9
31
10
8
5
10
17
29
30
25
33
34
11
20
4
18
15
39
32
5
24
21
23
29
15
8
12
37
29
36
11
27
27
21
9
10
13
14
11
37
15
3
13
32
24
11
32
39
30
28
27
4
35
26
18
10
7
7
4
23
21
23
26
3
10
11
9
10
4
22
19
33
31
24
18
32
30
5
15
19
23
22
18
7
24
8
11
24
33
35
25
32
26
38
9
22
39
25
9
24
25
20
5
28
38
30
11
3
12
32
32
7
10
3
21
23
23
7
10
9
15
5
28
23
27
8
23
37
9
23
9
11
28
22
8
20
21
38
34
8
26
10
29
3
30
20
28
27
16
23
35
26
25
38
13
29
24
28
3
39
17
6
24
35
38
6
11
25
35
11
29
16
24
35
4
22
35
33
22
36
28
32
26
6
13
29
4
25
26
12
15
13
5
36
16
21
14
34
16
12
16
38
2
35
15
11
30
11
25
11
37
26
10
10
22
34
13
33
16
12
8
22
33
14
23
34
23
16
28
4
37
13
29
28
10
10
38
18
10
35
11
24
23
36
3
29
22
11
9
28
2
13
34
20
2
3
31
9
38
19
8
19
11
3
25
21
24
32
5
33
18
29
2
18
37
10
21
34
28
11
39
13
35
29
17
29
18
20
11
24
37
15
35
15
10
39
12
8
2
34
5
30
4
14
20
15
31
21
35
39
30
18
33
28
17
12
36
9
33
8
21
30
3
3
28
24
18
10
31
5
14
31
13
27
33
15
8
25
36
29
10
38
29
13
6
10
36
9
