26
15778
28434
38720
43157
52765
59266
59828
60283
72345
74718
89142
94256
105468
121070
124971
141350
150279
156499
165113
167472
173865
182875
197681
207541
217945
228655
229632
242785
258517
267541
277582
290101
300973
315757
331252
339049
346407
347404
351233
355137
356698
369828
371125
377398
383334
385059
385309
391312
395560
399659
414108
423405
438060
440877
456809
471728
487422
502169
505398
515226
526452
533992
537947
550795
566858
567011
569834
573470
583560
587435
590947
595425
603082
604616
619005
619971
623435
637040
640188
642574
655147
670851
671638
681304
695628
704629
705699
721886
726410
736737
749426
757167
761299
761704
775784
789029
793644
804964
812789
819337
823227
831371
832016
846057
859190
864291
878707
892150
897093
903866
910201
911105
925688
940704
945091
956734
971402
979767
980385
989644
998889
1006337
1019298
1028260
1028560
1037023
1050353
1054384
1063011
1072355
1077234
1079645
1092373
1098357
1109533
1122993
1133749
1143735
1151868
1163969
1165184
1168262
1176111
1182850
1193349
1203003
1203898
1215143
1229798
1235316
1240524
1241664
1244218
1258753
1259321
1264838
1273345
1287562
1295719
1311497
1313869
1314288
1314725
1315235
1317327
1333072
1342219
1352114
1352244
1361712
1374432
1380398
1392976
1395554
1402105
1418116
1429717
1439740
1442172
1442879
1444051
1456312
1471356
1476645
1491342
1493124
1509071
1513338
1525342
1529642
1540335
1547944
1554475
1558086
1565970
1566425
1570946
1571404
1572390
1574290
1586923
1601569
1612815
1624735
1626415
1635975
1639934
1639960
1640825
1654121
1655410
1671088
1678267
1688297
1703776
1718068
1721098
1724360
1735348
1746420
1752045
1764384
1770097
1782061
1783038
1787103
1788688
1796501
1804604
1808988
1824967
1839792
1840945
1847862
1858667
1862563
1868365
1876790
1880587
1892451
1902222
1909116
1916526
1927476
1938781
1954399
1964062
1979775
1991361
1995336
2004839
2012723
2023919
2031792
2045914
2048768
2064723
2080282
2083600
2096215
2098692
2110738
2123678
2139413
2154109
2154530
2160415
2176822
2177399
2186314
2198091
2199969
2208839
2213349
2215405
2216865
2232459
2239153
2253798
2262507
2270212
2273425
2284726
2288666
2296690
2312559
2326386
2335847
2344537
2356036
2370459
2373213
2382262
2385282
2393064
2395615
2407625
2421170
2423365
2435110
2449188
2457442
2466986
2471394
2479467
2481517
2486199
2496478
2511814
2524255
2532155
2548118
2559857
2560292
2569089
2581091
2596300
2604148
2620292
2636626
2637026
2649336
2655873
2671484
2674579
2683031
2692431
2708446
2714397
2725160
2726137
2739287
2744658
2748516
2759439
2769434
2772917
2785959
2791061
2804570
2812565
2813134
2814611
2829974
2839920
2851812
2857406
2859226
2866843
2871429
2881336
2890752
2894669
2900540
2916771
2922630
2935347
2948477
2961286
2970212
2980136
2986610
2990251
3003506
3010506
3024560
3040622
3052004
3061193
3065730
3067864
3075055
3082843
3096736
3097064
3104528
3107153
3120501
3126763
3140186
3146317
3151450
3167557
3183950
3197521
3201177
3206052
3218566
3218762
3234922
3245397
3252791
3268733
3268749
3277418
3281108
3289217
3297816
3313709
3326510
3330989
3339840
3352710
3362392
3370157
3383957
3400151
3403835
3406260
3408757
3412972
3425246
3425989
3428760
3434060
3436115
3445240
3456616
3458807
3467549
3472263
3476241
3480406
3493457
3495547
3510053
3521721
3535992
3546154
3558708
3564159
3571023
3573275
3577169
3590953
3592437
3607066
3615856
3628338
3633129
3635662
3636561
3641819
3657358
3665550
3670079
3685615
3693746
3698829
3706298
3707718
3718009
3721209
3728697
3736364
3740628
3743571
3747598
3748700
3749330
3762902
3778462
3787417
3795181
3800908
3816556
3826045
3826937
3831116
3838049
3851506
3854190
3860546
3869056
3871300
3876609
3879956
3886201
3887998
3893886
3904717
3907382
3922199
3925026
3937134
3939322
3945520
3960457
3966389
3970267
3979127
3985610
3986192
4000174
4006665
4006979
4020353
4024782
4025189
4033298
4048742
4056993
4057524
4064017
4065820
4077556
4094068
4097270
4111241
4113383
4116347
4118288
4129296
4136537
4151508
4159980
4170963
4177194
4178826
4186825
4192842
4203847
4209073
4217283
4229145
4233422
4242318
4254295
4255471
4257944
4263019
4266002
4268956
4274978
4279111
4291220
4292550
4302782
4314073
4317871
4331904
4343397
4347490
4349854
4365843
4377329
4381684
4384200
4399431
4412054
4414100
4429062
4438024
4452837
4457066
4462183
4472540
4485302
4496123
4502762
4510464
4521828
4537567
4546356
4553611
4561472
4571759
4581312
4594881
4598049
4607540
4614980
4625338
4636355
4641878
4646203
4653735
4654421
4665707
4670922
4677755
4679554
4683668
4690467
4705007
4718383
4721069
4725576
4727315
4728013
4735078
4737894
4749056
4758578
4772407
4778800
4784551
4796462
4805770
4819262
4820909
4828735
4831438
4842007
4857847
4870066
4874391
4881220
4885985
4899117
4909852
4916913
4917712
4928682
4934131
4947763
4948390
4957938
4964114
4964309
4969919
4978174
4991253
4992137
4995936
5008270
5009250
5015565
5020954
5031528
5046149
5052651
5055403
5059772
5072355
5084339
5098955
5107195
5117630
5117674
5126974
5140876
5143426
5145027
5155398
5157627
5163598
5172596
5182475
5186274
5199024
5212385
5222058
5223049
5228311
5243257
5255600
5268624
5281650
5283419
5283515
5291423
5307407
5320405
5329841
5330319
5333933
5346111
5346324
5347539
5349505
5353948
5357251
5365043
5380116
5380169
5381681
5392626
5401242
5413875
5417293
5420296
5423352
5428501
5435472
5438682
5446918
5448485
5454968
5463710
5473578
5476309
5481194
5485121
5494452
5507584
5521218
5523623
5524003
5536353
5538698
5544297
5552674
5561568
5563549
5568767
5579120
5591825
5592190
5599186
5607263
5623203
5627047
5640907
5655903
5662340
5669413
5673288
5680983
5696011
5699782
5715683
5728556
5742726
5754000
5769103
5779234
5784588
5785145
5796837
5812626
5815651
5816954
5828339
5839823
5850406
5866083
5876639
5889900
5892252
5906160
5918862
5928450
5943988
5947413
5949727
5958978
5966413
5980821
5994064
6009830
6014761
6024578
6038557
6048567
6055820
6057827
6065885
6066287
6067194
6072544
6087728
6092261
6101638
6111434
6119327
6125931
6135908
6146401
6159328
6172195
6179214
6181446
6193494
6206315
6213697
6222918
6236093
6238485
6252040
6268366
6279074
6282314
6283621
6293095
6306508
6321937
6330951
6345083
6358852
6373343
6383206
6393232
6406644
6410408
6410759
6423635
6438198
6451404
6454587
6455810
6457654
6458998
6466085
6473310
6485449
6498584
6502619
6511631
6516993
6528404
6529400
6543191
6557445
6557640
6564539
6579627
6593784
6609806
6625165
6634817
6645678
6650638
6656826
6659968
6673117
6679074
6682831
6685050
6694493
6710486
6710859
6722978
6730667
6737731
6743640
6757392
6773374
6784230
6789662
6790315
6790370
6796343
6810733
6818380
6828821
6844973
6858265
6868484
6884345
6899576
6915507
6918445
6932997
6942231
6945577
6959067
6961923
6974477
6975205
6981809
6990042
6992866
7004333
7009671
7025637
7036608
7049366
7062841
7069187
7076716
7090409
7098996
7099297
7110111
7117195
7125780
7137831
7142754
7145381
7161146
7165561
7174644
7182517
7186520
7188541
7200647
7210831
7224797
7233776
7245622
7261015
7265046
7269345
7284763
7294825
7307650
7319813
7325652
7339063
7352052
7358561
7359834
7364309
7367274
7376086
7376394
7391776
7402034
7417377
7420940
7424958
7434279
7436551
7445309
7459871
7461533
7472788
7474960
7485177
7495808
7502956
7503483
7519290
7525959
7528750
7543515
7551697
7561119
7561270
7572747
7576105
7581052
7593736
7598884
7601270
7609680
7617030
7621371
7623682
7632655
7645807
7658497
7667458
7678367
7693432
7693650
7707643
7720115
7726249
7737690
7750936
7764406
7764770
7768363
7774062
7782572
7796968
7811159
7812214
7814742
7821360
7837383
7846574
7854674
7858291
7874376
7890121
7900115
7912510
7928271
7944292
7946279
7950438
7953145
7968175
7980340
7985704
7987003
8000797
8006382
8012923
8019435
8035494
8047791
8059853
8066738
8077403
8082193
8094318
8096980
8111139
8124558
8129393
8139147
8153397
8161429
8170002
8173191
