415 752
697 745
601 326
139 59
498 264
271 783
680 896
751 156
389 784
878 549
734 181
178 469
722 921
395 797
845 449
307 36
876 871
3 979
532 421
457 818
709 494
924 886
814 935
552 704
289 111
161 354
758 4
203 903
74 889
641 824
75 12
127 13
297 483
662 27
251 13
881 657
123 152
684 199
574 493
721 471
753 784
500 948
131 680
590 185
165 981
734 445
556 75
838 66
209 339
608 484
726 216
912 118
115 127
743 53
968 855
3 94
648 483
787 581
613 437
247 499
339 918
926 282
711 469
221 310
142 320
962 790
765 379
131 20
527 180
213 630
102 133
697 222
847 88
841 153
61 70
371 504
677 293
188 339
804 321
560 662
778 508
971 503
486 210
87 398
882 796
598 18
399 268
593 455
160 617
602 881
382 409
387 140
198 692
821 734
205 857
421 730
795 649
271 297
112 924
878 772
435 861
318 365
647 972
506 202
872 808
933 891
848 843
68 771
870 833
573 699
593 802
865 132
816 683
687 486
703 824
154 405
919 194
659 989
942 252
537 558
944 542
557 425
43 329
416 563
655 632
322 581
484 978
770 974
199 485
635 710
895 780
268 577
2 810
823 531
222 475
546 631
337 420
383 575
185 855
188 641
195 937
335 373
765 973
508 365
982 329
985 779
425 166
180 47
299 387
670 275
793 984
683 11
221 449
444 284
6 238
227 136
872 526
533 389
101 204
738 905
670 216
464 559
345 449
553 58
690 539
449 887
5 6
115 301
177 564
695 667
135 330
73 667
3 845
758 848
58 654
877 671
508 281
725 92
806 393
599 602
465 71
802 350
313 275
40 322
583 368
480 896
248 545
348 596
118 266
715 824
982 72
631 490
682 859
539 5
536 328
85 148
388 929
288 825
747 88
408 169
