Case 1:
000000111110
000000111110
111111000000
000000111110
000000111110
000000111110
111111000000
100000000000
111111000000
000000111110
000000111110
000000111110

Case 2:
1000
0001
0001
0010

Case 3:
0000000001000000000000000
0000000000100000000000000
0000000010000000000000000
0000000000000001001011101
0000000000000010000000000
0010000000000000000000000
0000000000000011001011101
0000000000000001001011101
0001000000000000000000000
0000000000000001001011101
0000000000000001001011101
0000000000000001001011101
0000000000000011001011101
0000000000000001001011101
0000000000000010000000000
0000000000000001001011101
1000000000000000000000000
0000000000000010000000000
0000000000000010000000000
1000000000000000000000000
0000000000100000000000000
0000000000000001001011101
0000000000000001001011101
0000000100000000000000000
0000000000000011001011101

Case 4:
00001000000000000000000000000
00000000000000000000000000010
00010000000000000000000000000
00010000000000000000000000000
00000000000000000001000000000
00010000000000000000000000000
00000000000000000000000100000
00100000000000000000000000000
00000000010000000000000000000
00000000000001000000000000000
00001000000000000000000000000
00000000100000000000000000000
01000000000000000000000000000
00000000000000000000000000010
00000000000000000100000000000
00000000000001000000000000000
00000000010000000000000000000
00000000001000000000000000000
00000000000000000001000000000
00000000000000000000010000000
00000000000000000000000000010
00000000000000000000010000000
00000000000001000000000000000
00000000000000000100000000000
00000010000000000000000000000
00000000000000000000000100000
00000000010000000000000000000
00000100000000000000000000000
00000000000001000000000000000

Case 5:
0000010000000000
1100100000000000
0000100000000000
0000000011111111
0000000100000000
1100100000000000
0100000000000000
1100100000000000
0000000011111111
0000000011111111
0000000011111111
0000000011111111
0010000000000000
0100000000000000
0100000000000000
0000000011111111

Case 6:
0000010000000000000000000
1000000000000000000000000
0000000000000111011111010
0000000000000111011111010
0000000000000111011111010
0010000000000000000000000
0000000000000111011111010
1000000000000000000000000
0000000000000111011111010
0000000000000000000001000
0000000000000111011111010
0000000000000111011111010
0000000000000111011111010
1001000000000000000000000
1001000000000000000000000
0001000100001000000000000
0000000000000111011111010
1001000000000000000000000
0000000000000111011111010
0000000000000111011111010
0000000000000111011111010
0001000000000000000000000
0000000000000111011111010
1000000000000000000000000
0000000000000000000001000

Case 7:
0001
1000
0010
0100

Case 8:
001000000
000000100
000001111
001000000
000100000
000001111
000001111
010000000
010000000

Case 9:
00000000000001001000010000
00000000000001001000010000
00000000000001001000010000
00000000000001001000010000
00000000000001001000010000
00000000000001001000010000
00000001000000000000000000
00000100000000000000000000
00001000000000000000000000
00000000000001001000010000
00001000000000000000000000
00001000000000000000000000
00000010000000000000000000
00000000000001001000010000
00000000000001001000010000
00000000000001001000010000
00000010000000000000000000
00000001000000000000000000
00000000000000000000000010
00000010000000000000000000
10000000000000000000000000
00000000000001001000010000
01000000000000000000000000
00000100000000000000000000
00000000001000000000000000
00000000000001001000010010

Case 10:
1111111000000
1111111000000
1111111000000
1111111000000
1111111000000
0000000111111
0000000111111
1111111000000
1111111000000
1111111000000
1111111000000
0000000111111
1111111000000

Case 11:
0000000000000000000000000000100000000000000000000000000000000000000000000000000000000000000000000000
0000000000000000000000000000000000001000000000000000000000000000000000000000000000000000000000000000
0000000000000000000000000000000000000000000000000100000000000000000000000000000000000000000000000000
0000000000000000010000000000000000000000000000000000000000000000000000000000000000000000000000000000
0000000000000000000000001000000000000000000000000000000000000000000000000000000000000000000000000000
0000000000000000000000000000000000000000000001000000000000000000000000000000000000000000000000000000
0000000000001000000000000000000000000000000000000000000000000000000000000000000000000000000000000000
0000000000000000000000000000000000000000000000000000000000000000000100000000000000000000000000000000
0000000000000000000000000000000000000000000000100000000000000000000000000000000000000000000000000000
0000000000000000000000000000000000000000000000000000000000000000000000000000000000010000000000000000
0000000000000000000000000010000000000000000000000000000000000000000000000000000000000000000000000000
0000000000000000000001000000000000000000000000000000000000000000000000000000000000000000000000000000
0000000000000000000000000000000000000010000000000000000000000000000000000000000000000000000000000000
0000000000000000000000000000000000000000000000000000000000000000000000100000000000000000000000000000
0000000000000000000000000000000000000000000000000000000000000000000000000000010000000000000000000000
0000000000000000000000000000000000000000000000000000000000000000000000000000000100000000000100000000
0000000000000000000000000000000000000000000000000000000010000000000000000000000000000000000000000000
0000000000000000000000000000000000000100000000000000000000000000000000000000000000000000000000000000
0000000000000000000000000000000001000000000000000000000000000000000000000000000000000000000000000000
0000000000000000000000000000000000000000000000010000000000000000000000000000000000000000000000000000
0000000000000000000000000000000000000000000000000000000000000000000000000000000000100000000000000000
0000000000000000000000000000000000000000000000000000000000000000000100000000000000000000000000000000
0000000000000000000000000000000000000000000000000000000001000000000000000000000000000000000000010000
0000000000000000100000000000000000000000000000000000000000000000000000000000000000000000000000000000
0000000000000000000001000000000000000000000000000000000000000000000000000000000000000000000000000000
0000000000000000000000000000000000000000000010000000000000000000000000000000000000000000000000000000
0000000000000000000000000000000000000000000010000000000000000000000000000000000000000000000000000000
0000000000000000000000000000000000000000000000000000000001000000000000000000000000000000000000000000
0000000000000000000000000000000000000000000000000000000000000000000000000000000100000000000000000000
0000000000010000000000000000000000000000000000000000000000000000000000000000000000000000000000000000
0000000000000000000000000000000000000000000000001000000000000000000000000000000000000000000000000000
0000000000000000000000000000000000000000000000000000000000000000000000000000010000000000000000000000
0000000000000000000000000000000000000000000000000000000000000000000000000000000100000000000100000000
0000000000000000000000000000000000000000000000000000000000000000000000000000000000100000000000000000
0000000000000000000000000000000000000100000000000000000000000000000000000000000000000000000000000000
0000000000000000000000000000000000000000000000000000000001000000000000001000000000000000000100010000
0000000000000000000000000000000000000000000000000000000000000000000000000000000000000000000100000000
0000000000000000000000000000000000000000000000000000000001000000000000001000000000000000000100010000
0000000000100000000000000000000000000000000000000000000000000000000000000000000000000000000000000000
0000000000000000000000000000000000000000000000000000000000000000000010000000110000000000000000000000
0000000000000000000000000000000000000000000000000000000000000000000010000000000000000000000000000000
0000000000000000000000000000000000000000000000000000000000000000000000000000000000000000001000000000
0000000000000000000000000000000000000000000000000000000000000000000000000000000000000000000000000001
0000000000000000000000000001000000000000000000000000000000000000000000000000000000000000000000000000
0000000000000000000000000000000000001000000000000000000000000000000000000000000000000000000000000000
0000000000000000000000100000000000000000000000000000000000000000000000000000000000000000000000000000
0000000000000010000000000000000000000000000000000000000000000000000000000000000000000000000000000000
0000000000000000000000000001000000000000000000000000000000000000000000000000000000000000000000000000
0000000001000000000000000000000000000000000000000000000000000000000000000000000000000000000000000000
0000000000000000000000000000000000000000000000000000000001000000000000001000000000000000000100010000
0000000000000000000000000000000000000000000100000000000000000000000000000000000000000000000000000000
0000000000000000000000000000000000000000000000000000000000000000000000100000000000000000000000000000
0000000000000000000000000000000000000000000000000100000000000000000000000000000000000000000000000000
0000010000000000000000000000000000000000000000000000000000000000000000000000000000000000000000000000
0000000000000000000000000000000000000000000000000000000001000000000000001000000000000000000100010000
0000000000000000000000000010000000000000000000000000000000000000000000000000000000000000000000000000
0000000000000000000000000000000000000000100000000000000000000000000000000000000000000000000000000000
0000000001000000000000000000000000000000000000000000000000000000000000000000000000000000000000000000
0000000000001000000000000000000000000000000000000000000000000000000000000000000000000000000000000000
0000000100000000000000000000000000000000000000000000000000000000000000000000000000000000000000000000
0000000000000000000000000000000000000000000000001000000000000000000000000000000000000000000000000000
0000100000000000000000000000000000000000000000000000000000000000000000000000000000000000000000000000
0000000000000000000000000000000000000000000000000000100000000000000000000000000000000000000000000000
0000000000000000000000000000000000000000000000010000000000000000000000000000000000000000000000000000
0000000010000000000000000000000000000000000000000000000000000000000000000000000000000000000000000000
0000000000000000000000000000100000000000000000000000000000000000000000000000000000000000000000000000
0000000000000000000000000000000000000000000000000000000000010000000000000000000000000000000000000000
0000000000000000000000000000000000000000100000000000000000000000000000000000000000000000000000000000
0000000000000000000000000000000000000000000000000000100000000000000000000000000000000000000000000000
0010000000000000000000000000000000000000000000000000000000000000000000000000000000000000000000000000
0000000000000000000000000000000000000010000000000000000000000000000000000000000000000000000000000000
0000000000000000000000000000000000000000000000000000000100000000000000000000000000000000000000000000
0000000000000000000000000000000000000000000000000000000000000000000000000010000000000000000000000000
0000000000000000000000000000000000000000000000000000000000000000000100000000000000000000000000000000
0000000000000000000000000000000000010000000000000000000000000000000000000000000000000000000000000000
0000000000000000001000000000000000000000000000000000000000000000000000000000000000000000000000000000
0000000000000000000000000000000000000001000000000000000000000000000000000000000000000000000000000000
0000000000000000000000000000000000000000000000000000000001000000000000000000000000000000000000010000
0000000000000000000000010000000000000000000000000000000000000000000000000000000000000000000000000000
0000000001000000000000000000000000000000000000000000000000000000000000000000000000000000000000000000
0000000000000000000000000000000000001000000000000000000000000000000000000000000000000000000000000000
0000000000000000000000000000000000000000000000000000000000000000000000000000000000000000000100000000
0000000000000000000000000000000000000000000000000000000000000000000000000000010000000000000000000000
0000000000000000000000000000000000000000000000000000000000000000000000000000000000000000000010000000
0000000010000000000000000000000000000000000000000000000000000000000000000000000000000000000000000000
0000000000000000000000000000000000000000000000000000010000000000000000000000000000000000000000000000
0000000000001000000000000000000000000000000000000000000000000000000000000000000000000000000000000000
0000000000000000100000000000000000000000000000000000000000000000000000000000000000000000000000000000
0000000000000000000000000000000000000001000000000000000000000000000000000000000000000000000000000000
0000000000000000000000000000000000000000000000000000000000000000000000000000000000000000000100000000
0000000000000000000000000000000000000000000000010000000000000000000000000000000000000000000000000000
0000000000000000000000000000000000000000000000000000000000000000000000000000000000000000000000000001
0000000000000000000000000000000000010000000000000000000000000000000000000000000000000000000000000000
0000000000000000000000000000000000000000100000000000000000000000000000000000000000000000000000000000
0000000000000000000000000000000000000000000000000000000000001000000000000000000000000000000000000000
0000000000001000000000000000000000000000000000000000000000000000000000000000000000000000000000000000
0000000000000000000000000000000000000000000000000000000000000000000000000000000000000000000100000000
0000000000000000000000000000000000000000000000000100000000000000000000000000000000000000000000000000
0000000000000000000000000000000000000000000000000000000000000000000000000000000000100000000000000000
0000000000000000000000000000000000000000000000000000000000000000000010000000000000000000000000000000

Case 12:
0000000000000000000000000000000000000000000000000000010000000000000000000000000000000000000000000000
0000000000000000000000000000000000000000000000000011111111111011111100111110111111111111111111011011
0000000000000000000000000000000000000000000000000011111111111011111100111110111111111111111111011011
0000000001000000000000000000000000000000000000000000000000000000000000000000000000000000000000000000
0000000000000000000000000000000000000000000000000000000000000000000000000000000000000000000000000010
0000100000000000000000000000000000000000000000000000000000000000000000000000000000000000000000000000
0000000000000000000000000000000010000000000000000000000000000000000000000000000000000000000000000000
0000000001000000000001010000000000001000000000000000000000000000000000000000000000000000000000000000
0000000000000000000000000000000000000000000000000011111111111011111100111110111111111111111111011011
0000000001000000000000000000000000000000000000000000000000000000000000000000000000000000000000000000
0000000000000000000000000000000000000000000000000011111111111011111100111110111111111111111111011011
0011110111011011100101111111111001111011111111011100000000000000000000000000000000000000000000000000
0000000000000000000000000000000000000000000000000011111111111011111100111110111111111111111111011011
0000000000000000000000000000000000000000000000000011111111111011111100111110111111111111111111011011
0000000000000000000000000000000000000000000000000011111111111011111100111110111111111111111111011011
0000000000000000000000000000000000000000000000000000010000000000000000000000000000000000000000000000
0000000000000000000000000000000000000000000000000011111111111011111100111110111111111111111111011011
0000000000000000000000000000000000001000000000000000000000000000000000000000000000000000000000000000
0011110111011011100101111111111001111011111111011100000000000000000000000000000000000000000000000000
0011110111011011100101111111111001111011111111011100000000000000000000000000000000000000000000000000
0011110111011011100101111111111001111011111111011100000000000000000000000000000000000000000000000000
0000000000000000000000000000000000000000000000000011111111111011111100111110111111111111111111011011
0000000000000000000000000000000000000000000000000011111111111011111100111110111111111111111111011011
0000000000000000000000000000000000000000000000000000001000000000000000000000000000000000000000000000
0000000000000000000000000000000000000000000000000011111111111011111100111110111111111111111111011011
0000000001000000000000000000000000000000000000000000000000000000000000000000000000000000000000000000
0011110111011011100101111111111001111011111111011100000000000000000000000000000000000000000000000000
0000000001000000000000000000000000000000000000000000000000000000000000000000000000000000000000000000
0000000000000000000000000000000000000000000000000011111111111011111100111110111111111111111111011011
0000000000000000000000000000000000000000000000000011111111111011111100111110111111111111111111011011
0000000000000000000000000000000000000000000000010000000000000000000000000000000000000000000000000000
0000000000000000000000000000000000000000000000000011111111111011111100111110111111111111111111011011
0000000000000000000000000000000000000000000000010000000000000000000000000000000000000000000000000000
0011110111011011100101111111111001111011111111011100000000000000000000000000000000000000000000000000
0000000000000000000000000000000000000000000000000011111111111011111100111110111111111111111111011011
0000000000000000000000000000000000000000000000000000001000000000000000000000000000000000000000000000
0000000000000000000000010000000000000000000000000000000000000000000000000000000000000000000000000000
0011110111011011100101111111111001111011111111011100000000000000000000000000000000000000000000000000
0000000000000000000000000000000000000000000000000011111111111011111100111110111111111111111111011011
0011110111011011100101111111111001111011111111011100000000000000000000000000000000000000000000000000
0000000000000000000000000000000000000000000000000011111111111011111100111110111111111111111111011011
0000000000000000000000000000000000000000000000000011111111111011111100111110111111111111111111011011
0000000000000000000000000000000000000000000000000011111111111011111100111110111111111111111111011011
0000000000000000000000000000000000000000000000000000000000000000000000000000000000000000000000000010
0000000000000000000000000000000000000000000000000011111111111011111100111110111111111111111111011011
0011110111011011100101111111111001111011111111011100000000000000000000000000000000000000000000000000
0000000000000000000000000000000000000000000000000011111111111011111100111110111111111111111111011011
0000000000000000000000000000000000000000000000000000000000000000000000000000000000000000000000000010
0011110111011011100101111111111001111011111111011100000000000000000000000000000000000000000000000000
0011110111011011100101111111111001111011111111011100000000000000000000000000000000000000000000000000
0000000000000000000000000000000000000000000000000011111111111011111100111110111111111111111111011011
0011110111011011100101111111111001111011111111011100000000000000000000000000000000000000000000000000
0000000000000000000000000000000000000000000000000000010000000000000000000000000000000000000000000000
0011110111011011100101111111111001111011111111011100000000000000000000000000000000000000000000000000
0000000000000000000000000000000000000000000000000011111111111011111100111110111111111111111111011011
0011110111011011100101111111111001111011111111011100000000000000000000000000000000000000000000000000
0000000001000000000000000000000000000000000000000000000000000000000000000000000000000000000000000000
0000000000000000000000000000000000000000000000000011111111111011111100111110111111111111111111011011
0000000000000000000000000000000000000000000000000011111111111011111100111110111111111111111111011011
0011110111011011100101111111111001111011111111011100000000000000000000000000000000000000000000000000
0000000000000000000000010000000000000000000000000000000000000000000000000000000000000000000000000000
0000100000000000000000000000000000000000000000000000000000000000000000000000000000000000000000000000
0011110111011011100101111111111001111011111111011100000000000000000000000000000000000000000000000000
0000000000000000000000000000000000000000000000000011111111111011111100111110111111111111111111011011
0000000001000000000001010000000000001000000000000000000000000000000000000000000000000000000000000000
0000000000000000000000000000000000000000000000000000001000000000000000000000000000000000000000000000
0000000000000000000000000000000000000000000000000011111111111011111100111110111111111111111111011011
0011110111011011100101111111111001111011111111011100000000000000000000000000000000000000000000000000
0000100000000000000000000000000000000000000000000000000000000000000000000000000000000000000000000000
0000000000000000000000000000000000000000000000000011111111111011111100111110111111111111111111011011
0011110111011011100101111111111001111011111111011100000000000000000000000000000000000000000000000000
0011110111011011100101111111111011111011111111011100000000000000000000000000000000000000000000000000
0000000000000000000000000000000000000000000000000011111111111011111100111110111111111111111111011011
0000000001000000000000000000000000000000000000000000000000000000000000000000000000000000000000000000
0000100001000000000000000000000000000000000000000000000000000000000000000000000000000000000000000000
0011110111011011100101111111111001111011111111011100000000000000000000000000000000000000000000000000
0000000000000000000000000000000000000000000000000011111111111011111100111110111111111111111111011011
0000000001000000000000000000000000000000000000000000000000000000000000000000000000000000000000000000
0011110111011011100101111111111001111011111111011100000000000000000000000000000000000000000000000000
0000000001000000000000010000000000000000000000000000000000000000000000000000000000000000000000000000
0000000000000000000000000000000000000000000000000011111111111011111100111110111111111111111111011011
0000000000000000000000000000000000000000000000000000010000000000000000000000000000000000000000000000
0000000000000000000000000000000000000000000000000011111111111011111100111110111111111111111111011011
0000000000000000000000000000000000000000000000000011111111111011111100111110111111111111111111011011
0000000001000000000001010000000000001000000000000000000000000000000000000000000000000000000000000000
0000000000000000000000000000000000000000000000000011111111111011111100111110111111111111111111011011
0000000000000000000000000000000000000000000000000011111111111011111100111110111111111111111111011011
0000000000000000000000000000000000000000000000000011111111111011111100111110111111111111111111011011
0000000000000000000000000000000000000000000000000011111111111011111100111110111111111111111111011011
0000100000000000000000000000000000000000000000000000000000000000000000000000000000000000000000000000
0000100001000000000000000000000000000000000000000000000000000000000000000000000000000000000000000000
0011110111011011100101111111111001111011111111011100000000000000000000000000000000000000000000000000
0011110111011011100101111111111001111011111111011100000000000000000000000000000000000000000000000000
0011110111011011100101111111111001111011111111011100000000000000000000000000000000000000000000000000
0011110111011011100101111111111001111011111111011100000000000000000000000000000000000000000000000000
0000000000000000000000000000000000000000000000000000000000000000000000000000000000000000000000000010
0000000000000000000000000000000000000000000000000011111111111011111100111110111111111111111111011011
0000000000000000000000000000000000000000000000000011111111111011111100111110111111111111111111011011
0000000000000000000000000000000000000000000000000011111111111011111100111110111111111111111111011011
0011110111011011100101111111111001111011111111011100000000000000000000000000000000000000000000000000

Case 13:
0000000000000000000000000000000000000000000000000000000000000000000000000000000011111111111111111111
0000000000000000000000000000000000000000000000000000000000000000000000000000000011111111111111111111
1111111111111111111111111111111111111111111111111111111111111111111111111111111100000000000000000000
1111111111111111111111111111111111111111111111111111111111111111111111111111111100000000000000000000
1111111111111111111111111111111111111111111111111111111111111111111111111111111100000000000000000000
0000000000000000000000000000000000000000000000000000000000000000000000000000000011111111111111111111
1111111111111111111111111111111111111111111111111111111111111111111111111111111100000000000000000000
1111111111111111111111111111111111111111111111111111111111111111111111111111111100000000000000000000
1111111111111111111111111111111111111111111111111111111111111111111111111111111100000000000000000000
1111111111111111111111111111111111111111111111111111111111111111111111111111111100000000000000000000
1111111111111111111111111111111111111111111111111111111111111111111111111111111100000000000000000000
1111111111111111111111111111111111111111111111111111111111111111111111111111111100000000000000000000
1111111111111111111111111111111111111111111111111111111111111111111111111111111100000000000000000000
1111111111111111111111111111111111111111111111111111111111111111111111111111111100000000000000000000
1111111111111111111111111111111111111111111111111111111111111111111111111111111100000000000000000000
0000000000000000000000000000000000000000000000000000000000000000000000000000000011111111111111111111
1111111111111111111111111111111111111111111111111111111111111111111111111111111100000000000000000000
1111111111111111111111111111111111111111111111111111111111111111111111111111111100000000000000000000
1111111111111111111111111111111111111111111111111111111111111111111111111111111100000000000000000000
1111111111111111111111111111111111111111111111111111111111111111111111111111111100000000000000000000
1111111111111111111111111111111111111111111111111111111111111111111111111111111100000000000000000000
1111111111111111111111111111111111111111111111111111111111111111111111111111111100000000000000000000
1111111111111111111111111111111111111111111111111111111111111111111111111111111100000000000000000000
1111111111111111111111111111111111111111111111111111111111111111111111111111111100000000000000000000
0000000000000000000000000000000000000000000000000000000000000000000000000000000011111111111111111111
0000000000000000000000000000000000000000000000000000000000000000000000000000000011111111111111111111
0000000000000000000000000000000000000000000000000000000000000000000000000000000011111111111111111111
1111111111111111111111111111111111111111111111111111111111111111111111111111111100000000000000000000
1111111111111111111111111111111111111111111111111111111111111111111111111111111100000000000000000000
1111111111111111111111111111111111111111111111111111111111111111111111111111111100000000000000000000
1111111111111111111111111111111111111111111111111111111111111111111111111111111100000000000000000000
1111111111111111111111111111111111111111111111111111111111111111111111111111111100000000000000000000
1111111111111111111111111111111111111111111111111111111111111111111111111111111100000000000000000000
1111111111111111111111111111111111111111111111111111111111111111111111111111111100000000000000000000
1111111111111111111111111111111111111111111111111111111111111111111111111111111100000000000000000000
1111111111111111111111111111111111111111111111111111111111111111111111111111111100000000000000000000
1111111111111111111111111111111111111111111111111111111111111111111111111111111100000000000000000000
1111111111111111111111111111111111111111111111111111111111111111111111111111111100000000000000000000
0000000000000000000000000000000000000000000000000000000000000000000000000000000011111111111111111111
1111111111111111111111111111111111111111111111111111111111111111111111111111111100000000000000000000
1111111111111111111111111111111111111111111111111111111111111111111111111111111100000000000000000000
1111111111111111111111111111111111111111111111111111111111111111111111111111111100000000000000000000
1111111111111111111111111111111111111111111111111111111111111111111111111111111100000000000000000000
0000000000000000000000000000000000000000000000000000000000000000000000000000000011111111111111111111
1111111111111111111111111111111111111111111111111111111111111111111111111111111100000000000000000000
0000000000000000000000000000000000000000000000000000000000000000000000000000000011111111111111111111
1111111111111111111111111111111111111111111111111111111111111111111111111111111100000000000000000000
1111111111111111111111111111111111111111111111111111111111111111111111111111111100000000000000000000
1111111111111111111111111111111111111111111111111111111111111111111111111111111100000000000000000000
1111111111111111111111111111111111111111111111111111111111111111111111111111111100000000000000000000
0000000000000000000000000000000000000000000000000000000000000000000000000000000011111111111111111111
1111111111111111111111111111111111111111111111111111111111111111111111111111111100000000000000000000
0000000000000000000000000000000000000000000000000000000000000000000000000000000011111111111111111111
1111111111111111111111111111111111111111111111111111111111111111111111111111111100000000000000000000
1111111111111111111111111111111111111111111111111111111111111111111111111111111100000000000000000000
0000000000000000000000000000000000000000000000000000000000000000000000000000000011111111111111111111
0000000000000000000000000000000000000000000000000000000000000000000000000000000011111111111111111111
1111111111111111111111111111111111111111111111111111111111111111111111111111111100000000000000000000
1111111111111111111111111111111111111111111111111111111111111111111111111111111100000000000000000000
1111111111111111111111111111111111111111111111111111111111111111111111111111111100000000000000000000
1111111111111111111111111111111111111111111111111111111111111111111111111111111100000000000000000000
1111111111111111111111111111111111111111111111111111111111111111111111111111111100000000000000000000
1111111111111111111111111111111111111111111111111111111111111111111111111111111100000000000000000000
1111111111111111111111111111111111111111111111111111111111111111111111111111111100000000000000000000
1111111111111111111111111111111111111111111111111111111111111111111111111111111100000000000000000000
1111111111111111111111111111111111111111111111111111111111111111111111111111111100000000000000000000
1111111111111111111111111111111111111111111111111111111111111111111111111111111100000000000000000000
1111111111111111111111111111111111111111111111111111111111111111111111111111111100000000000000000000
1111111111111111111111111111111111111111111111111111111111111111111111111111111100000000000000000000
0000000000000000000000000000000000000000000000000000000000000000000000000000000011111111111111111111
1111111111111111111111111111111111111111111111111111111111111111111111111111111100000000000000000000
1111111111111111111111111111111111111111111111111111111111111111111111111111111100000000000000000000
0000000000000000000000000000000000000000000000000000000000000000000000000000000011111111111111111111
1111111111111111111111111111111111111111111111111111111111111111111111111111111100000000000000000000
1111111111111111111111111111111111111111111111111111111111111111111111111111111100000000000000000000
0000000000000000000000000000000000000000000000000000000000000000000000000000000011111111111111111111
1111111111111111111111111111111111111111111111111111111111111111111111111111111100000000000000000000
1111111111111111111111111111111111111111111111111111111111111111111111111111111100000000000000000000
0000000000000000000000000000000000000000000000000000000000000000000000000000000011111111111111111111
1111111111111111111111111111111111111111111111111111111111111111111111111111111100000000000000000000
1111111111111111111111111111111111111111111111111111111111111111111111111111111100000000000000000000
1111111111111111111111111111111111111111111111111111111111111111111111111111111100000000000000000000
1111111111111111111111111111111111111111111111111111111111111111111111111111111100000000000000000000
1111111111111111111111111111111111111111111111111111111111111111111111111111111100000000000000000000
1111111111111111111111111111111111111111111111111111111111111111111111111111111100000000000000000000
1111111111111111111111111111111111111111111111111111111111111111111111111111111100000000000000000000
1111111111111111111111111111111111111111111111111111111111111111111111111111111100000000000000000000
1111111111111111111111111111111111111111111111111111111111111111111111111111111100000000000000000000
1111111111111111111111111111111111111111111111111111111111111111111111111111111100000000000000000000
1111111111111111111111111111111111111111111111111111111111111111111111111111111100000000000000000000
0000000000000000000000000000000000000000000000000000000000000000000000000000000011111111111111111111
1111111111111111111111111111111111111111111111111111111111111111111111111111111100000000000000000000
1111111111111111111111111111111111111111111111111111111111111111111111111111111100000000000000000000
1111111111111111111111111111111111111111111111111111111111111111111111111111111100000000000000000000
1111111111111111111111111111111111111111111111111111111111111111111111111111111100000000000000000000
1111111111111111111111111111111111111111111111111111111111111111111111111111111100000000000000000000
1111111111111111111111111111111111111111111111111111111111111111111111111111111100000000000000000000
1111111111111111111111111111111111111111111111111111111111111111111111111111111100000000000000000000
0000000000000000000000000000000000000000000000000000000000000000000000000000000011111111111111111111
1111111111111111111111111111111111111111111111111111111111111111111111111111111100000000000000000000

Case 14:
0000000000000000000000000000000000000000000000000000000000000000000000000000000000010000000000000000
0000000000000000000000000000000000000000010000000000000000000000000000000000000000000000000000000000
0000000000000000000000000000000000000000000000000000000000000000000000000000000000000001000000000000
0000000000000000000010000000000000000000000000000000000000000000000000000000000000000000000000000000
0000000000000000000000000000000000000000000000000000000000000000000000000000000001000000000000000000
0000000000000000000000000000000000000000000000000000000000000000000100000000000000000000000000000000
0000000000000000000000000000000000000000000000000000000000000000010000000000000000000000000000000000
0000000000000100000000000000000000000000000000000000000000000000000000000000000000000000000000000000
0000000000000000000000000000000000000000000000000000000000000000000000000001000000000000000000000000
0000000000000000001000000000000000000000000000000000000000000000000000000000000000000000000000000000
0000000000000000000000000000000000000000000000000000000000000000000000000000000100000000000000000000
0000000000000000000000000000000000000000000000000000000000000000100000000000000000000000000000000000
0000000000000000001000000000000000000000000000000000000000000000000000000000000000000000000000000000
0000000000000000000000000000000000000000000000000000000000000000000000000000000000000000010000000000
0001000000000000000000000000000000000000000000000000000000000000000000000000000000000000000000000000
0000000000000000000000000000000000000000000000001000000000000000000000000000000000000000000000000000
0000000000000000000000000000000000000000000000000000000000000000000000000000000000000010000000000000
0001000000000000000000000000000000000000000000000000000000000000000000000000000000000000000000000000
0000000000000000000000000000000000000000000000000000000000000000000000000000000000000000000000010000
0000000000000000000000000000000000000000000000000000000000000000000000000000001000000000000000000000
0000000000000000000010000000000000000000000000000000000000000000000000000000000000000000000000000000
0000000000000000000000000000000000000000000000000000000000000000000000000000000010000000000000000000
0000000000000010000000000000000000000000000000000000000000000000000000000000000000000000000000000000
0000000000000000000000000000000000000000000000000000100000000000000000000000000000000000000000000000
0000000001000000000000000000000000000000000000000000000000000000000000000000000000000000000000000000
0000000000000000000000000000000000000000000000000000000000000000000000000000000000000000000010000000
0000000000000000000000000000000000000000000000000000000000000000000000000000001000000000000000000000
0000000000000000000000000000000000000000000000000000000000000000000000000000000000000010000000000000
0000000000000000000000000000000000000000000000000000010000000000000000000000000000000000000000000000
0000000000000000000000000000000100000000000000000000000000000000000000000000000000000000000000000000
0000000000000000000000000000000000000000000000000000000000100000000000000000000000000000000000000000
0000000000000000000000000000000000000000000000000000000000000000000000000000000000100000000000000000
0000000000000000000000000000000000000000000000000000000000000000000000000000000000000000000000100000
0000000000000000000000000000000000000000000000000000000000000000000001000000000000000000000000000000
0000000000000000000000000000000000000000000000000000000000000000000000000000000000000000000000001000
0001000000000000000000000000000000000000000000000000000000000000000000000000000000000000000000000000
0000000000000000000000000000000000000000000000000000000000000000000000000000001000000000000000000000
1000000000000000000000000000000000000000000000000000000000000000000000000000000000000000000000000000
0000000000000000000100000000000000000000000000000000000000000000000000000000000000000000000000000000
0000000000000000000000000000000000000000000000000000000000000000000010000000000000000000000000000000
0000000000000000000000000000000000000000000000000000000000000000000000000000000000000000000000001000
0001000000000000000000000000000000000000000000000000000000000000000000000000000000000000000000000000
0000000000000000000000000000000000000000000000000000000000000000000000000000000100000000000000000000
0000000000000000000000000100000000000000000000000000000000000000000000000000000000000000000000000000
0000000000000000000000100000000000000000000000000000000000000000000000000000000000000000000000000000
0000000000000100000000000000000000000000000000000000000000000000000000000000000000000000000000000000
0000000000000000000000000000000000000000010000000000000000000000000000000000000000000000000000000000
0000000000000000000000000000000000000000000000100000000000000000000000000000000000000000000000000000
0000000000000000000000000000000000000000000000000000000000000000000000000000000000000001000000000000
0000000000000001000000000000000000000000000000000000000000000000000000000000000000000000000000000000
0000000000000100000000000000000000000000000000000000000000000000000000000000000000000000000000000000
0000000000000000000000000000000000000000000000000000000000000000000000000000000000000000000000000001
0000000000000000000000000000000000000000000100000000000000000000000000000000000000000000000000000000
0000000000000000000000000000000100000000000000000000000000000000000000000000000000000000000000000000
0000010000000000000000000000000000000000000000000000000000000000000000000000000000000000000000000000
0000000000000000000000000000000000000000000010000000000000000000000000000000000000000000000000000000
0000000000000000010000000000000000000000000000000000000000000000000000000000000000000000000000000000
0000000000000000000000000000001000000000000000000000000000000000000000000000000000000000000000000000
0000000000000000000000000000000000000000000010000000000000000000000000000000000000000000000000000000
0000000000000000000000000000000000000000000000000000000000000000000000100000000000000000000000000000
0000000000000000000000000000100000000000000000000000000000000000000000000000000000000000000000000000
0000000000000000000000000000000000000000000000000000000000000000000000000000000000000000000000100000
0000000000000000000000000000000000000000000000000000000000000000000000000000000000000000000000100000
0000000000000000000000000000000000000000000000000000000000000000000001000000000000000000000000000000
0000000000000000000000000000000001000000000000000000000000000000000000000000000000000000000000000000
0000000000000000000000000000000000000000000100000000000000000000000000000000000000000000000000000000
0000000000000000000000000000000000000000000000000000000000000000000000000000000000000000000000100000
0000000000000000000000000000000010000000000000000000000000000000000000000000000000000000000000000000
0000000000000000000000000000000000000000000000000000000000000000000000000000001000000000000000000000
0000000000000000000000100000000000000000000000000000000000000000000000000000000000000000000000000000
0000000000000000000000000000000000000000000000000000000000000000000000000000000000000000000000000100
0000000000000000000000000010000000000000000000000000000000000000000000000000000000000000000000000000
0000000000000000000000001000000000000000000000000000000000000000000000000000000000000000000000000000
0000000000000000000000000000000000000000000000000000000000001000000000000000000000000000000000000000
0000000000000000000000000000000000000000000000000000000001000000000000000000000000000000000000000000
0000000000000000000000000000000000000000000000000000000000000000000000000010000000000000000000000000
0000000000000000000000000000000000000000000000000000000000000000000000000000000000000000000000000010
0000000000000000000000000000000000000000000000000000000000100000000000000000000000000000000000000000
0000000000000000000000000010000000000000000000000000000000000000000000000000000000000000000000000000
0000000000000000000000000000000000000000000000000000010000000000000000000000000000000000000000000000
0000000000000000000000000001000000000000000000000000000000000000000000000000000000000000000000000000
0000000000000000000000000000000000000000000000000000000001000000000000000000000000000000000000000000
0000000000000000000000000000000000000000000000000000000000000000000000000001000000000000000000000000
0000000000000000000000000000000000000000000000000000000000100000000000000000000000000000000000000000
0000000000001000000000000000000000000000000000000000000000000000000000000000000000000000000000000000
0000000000001000000000000000000000000000000000000000000000000000000000000000000000000000000000000000
0000000000000000000000000000000000000000000000000000000000000000000000000000000000001000000000000000
0000000000000000000000000000000000000001000000000000000000000000000000000000000000000000000000000000
0000000010000000000000000000000000000000000000000000000000000000000000000000000000000000000000000000
0000000000000000000000000000000000000000000100000000000000000000000000000000000000000000000000000000
0000000000000000000000000000000000000000000000000000000000010000000000000000000000000000000000000000
0000000000000000000000000000000000000000000000000000000000000000000000000000000000000000001000000000
0000000000000000000000000000000000000000000000000000000000000000000000000001000000000000000000000000
0000000000000000000000000000000000000010000000000000000000000000000000000000000000000000000000000000
0000000000000000000000000000000000000000000000000000000000000000000000000100000000000000000000000000
0000000000000000000000000000000000000000000000000000000000000000000000000000000000100000000000000000
0000000000000000000000000000000000000000000000100000000000000000000000000000000000000000000000000000
0000000000000000000000000000000000000000000000000000000000000000000000000000001000000000000000000000
0000000000000000000000000000000000000000000000000000000000000000000000000000000000100000000000000000
0000000000000000000000000000000000000000000000000001000000000000000000000000000000000000000000000000
