17419488
24551711
52761423
22168576
18927954
31233411
38742779
31986512
86124865
19116138
93446166
18496378
82913598
41763615
42197372
61165754
12111461
71777733
59981826
61381125
19478351
21164161
89841439
88187783
83711734
96511996
83484992
55333743
81881681
98972282
89178158
61242586
26539246
18211976
29521139
18195325
25867722
94196982
55491251
83939679
97693576
65825441
61633553
28253618
62146291
51364929
34415963
42887581
25744444
29317787
31382521
37297534
32113253
51222641
71341153
11675114
54956482
16831484
92171617
15673849
26577457
98312236
71554126
16111731
14831129
13885771
89317478
37111834
51145621
35666767
71916272
76513995
92653244
42792373
15785832
41159511
64531891
34746365
28113155
22174823
63135281
72259118
51791534
11485925
41395827
96177191
34175332
41291874
56817743
13631191
42931482
15593287
48143552
68929594
51588113
22271313
37195583
78379391
82811848
61931187
63565839
48397645
86155196
45425326
82663945
62535661
44626825
51115176
11243362
82343436
84739811
88151436
39219823
41231989
89135142
53892871
14819359
79811475
55192824
51441511
59183872
69381133
84811541
37358569
18936169
78941566
66671416
12149523
41523168
82771261
49461362
45881214
98245299
83869866
23826275
78278121
89282155
27678781
61958911
17255214
86468983
55155841
54721499
13135176
78364419
55747341
88152324
66629149
31199555
61594634
91539128
81861249
12215444
25142127
79554134
12298227
85839446
98566172
72647132
16383286
11261546
79347881
63876172
37858587
33118119
24915733
42211277
12411373
95972128
67181831
36212841
83758171
48813678
95556631
18823165
19722829
44827258
47395191
28314311
41791814
17953823
21141759
15121989
17331766
12898999
42187873
17642191
61336221
43261549
61827417
61129385
15668898
71791586
39453823
94851328
16467796
41926315
97126176
25341755
31888117
51591935
42726722
11175918
17866992
66584137
83112576
21611574
85649843
25383271
68111953
63153413
17913529
12617115
22915183
68861667
14989498
75648687
81956911
13558117
74671741
21835714
76823127
88597134
71371275
34455141
26633118
13816981
13939365
54151655
18962251
52521672
81168316
43715217
56181856
59265232
12288874
11599531
99511123
39723314
84392491
57476631
91811511
39589625
76385931
25157794
17857884
23841314
17721313
15151512
21553892
84275841
94435841
13341675
56198357
91487412
35416645
29124993
76587897
71651132
61574491
61191421
97193331
35695988
39513628
81981334
39272176
17316125
61721954
32561881
57579237
27936381
16876512
95615413
85192133
52914857
33131321
11818728
92312825
58124988
27179513
41153423
29492491
44985323
11719883
29332834
12112117
66815889
57322211
23168772
87959291
31819212
47581117
16931373
14323112
77131713
63195615
11973181
51717949
81118518
92818514
73616818
65711283
55614938
32337311
48789897
91958969
33141457
63463834
27891141
73494568
98997184
56936211
65161973
51165182
72452258
69835515
81517341
56417141
61155258
32785272
97631598
95495252
23187283
75418296
89816375
41112285
46773449
18387971
14352915
56791231
98784443
58129498
35143525
77744141
15412868
14764987
38628198
14968284
79417481
82214669
38136452
21113873
31456121
91814774
11981132
51322633
61582193
97213219
27451329
78111474
39967621
96231351
96792756
82463191
87684137
96227317
31736467
41124463
45121169
37915244
13468871
34467181
21231111
89119774
51678393
13963752
17171671
75481752
17531111
51178649
14818997
99961638
13694214
43691891
18635191
18226897
78931563
97743583
33611474
27157227
13619896
41291322
47745313
34352169
88414573
12777121
18645115
73279114
13315831
51125114
16489562
22174786
11213924
15416681
33115893
89843996
97725232
83385788
13512186
55395354
85135184
35812612
21651177
38351321
94231148
66138794
43544277
56691719
86732115
35654681
58533287
69646321
15871137
34621116
53495343
77191541
17123773
33915888
12443367
66148165
96871916
76371279
47182488
16214859
44499453
21743191
73842698
77487832
19374443
51328191
34944398
53812389
85116181
87728236
69651381
76161311
43158954
57446775
26889198
15129612
29267361
52171153
26681586
94662881
68789791
58269717
51644996
15561751
79568537
17523149
85811977
44759232
23197314
37818812
74919362
17211535
77443386
44592442
42532341
23721776
17567918
57425658
82852767
33569445
96929561
78372691
11456364
67639147
51155886
98156161
47864134
11143611
56867678
94511286
71774622
96564169
62912647
18241113
61798129
89747753
91296114
98697482
58256193
71321689
93911348
24914394
95216725
18175742
91844812
84673158
54266461
41466758
11511917
63445726
56296532
16349156
51653326
61621152
15611494
12664172
66851112
13843518
71535631
29937939
31251183
37467194
61282577
84216515
61724441
51662631
75554899
81277921
82979911
64253519
78491987
96956474
48651498
87345775
13379653
41249814
26156115
14871817
28111911
32322818
75626474
37154373
81568268
12662431
21511581
13828457
23891622
13856689
35769577
11259313
76152595
35536685
21126896
25886616
71252492
71149181
11173569
51662367
52566678
64558114
42286519
99387151
99852311
73885969
31191246
81895146
86733173
13427733
65536195
63329963
55147179
96522371
97695699
35818961
84534641
52175483
85231321
11852887
11863222
71847434
44615537
21918881
91678659
81546764
11884946
41929124
39977667
93945469
86826758
68243566
26492429
66225652
95744349
21337331
54512856
11892738
42676312
93992229
49484634
28337837
59149176
25228615
59626891
64166354
18844732
43251249
51685419
19232229
17519989
81181684
55186154
62932563
57285489
28688859
94299878
31316634
18376615
21736879
48185724
29211511
41157477
52835978
96191191
61143479
69175549
42197337
71531264
24613527
11496598
78412915
82629698
39571121
76563285
58811945
67718363
38359611
94391926
17193873
18683168
53986156
38961599
17548841
17125688
15343756
16119879
53711731
69142718
64971131
19995935
61439545
51372243
15813165
41884817
78191112
14542168
46662885
27692161
76115584
43963684
11554292
41576144
75591844
65114995
87548612
62731595
98974184
72188612
39137933
12562161
77156122
61155331
25721712
28194931
41431487
32823985
18351583
71619153
14211591
42615242
38515329
73749888
19731761
24286398
35119625
48531718
14696852
22178599
29695162
52316112
21135511
81164491
92514121
51631825
64245211
51517237
31984495
15124161
19937156
18579112
69195991
14751398
43441174
17519581
27196788
48513514
72464814
86661979
93414176
22862389
37376413
13212343
75217618
68943933
11717237
31591818
38884721
26718341
92211351
11812445
15531891
72815989
11537917
44721462
71125858
46858597
21972352
79652835
73597911
38286156
91892988
42861731
49759815
52267379
47249374
21967994
62773129
71266374
22564153
23292979
59429125
31914759
18828544
14759149
16173118
61316841
52614316
95635285
16564225
56136131
14371925
22842858
27221391
11544599
26913568
89569142
17878183
35172515
82418153
35857992
44169268
52112829
76887854
59111618
71711779
36134496
59813864
31431217
48493971
57328597
93751198
46213917
28192194
21664613
64589744
16754123
32239893
97552958
97141138
27323561
72966427
59617615
12578419
25293122
61925165
47492197
16431755
52918399
24425536
28412669
14346843
84746466
38161169
15811158
34918193
87471763
92698951
71171269
43122233
31123199
26566348
88835137
37416194
62431135
83747123
91828617
81651415
79153948
43881743
32186469
77792556
76451625
36686349
15444396
74763421
95961183
61691946
93613631
75279533
16958387
11435711
78651699
11295314
63289511
81857147
43425412
49463889
19321618
81312495
52982911
67426343
61141292
61989521
74192535
82468317
87251853
16195174
13918318
14342646
54821982
14162421
66627119
72513189
84166711
28331263
15453447
34321417
89713136
11833132
14962492
21911952
51713165
31342436
25937639
11581915
48848387
51251152
46245549
49296913
16233915
71991179
34155349
75481363
71511125
11173431
18791592
12134711
18311883
35928345
91624598
51876759
43115461
81174454
29179471
56492551
21433219
49355161
73162146
82968196
39875311
54135737
84281416
58372197
12112135
61153185
32267929
61211181
15981243
12114196
53974894
18775613
81949354
78614739
71544658
47875217
76949311
49551239
69881361
19548749
98385215
31673152
21512628
36745377
88413589
31719335
73649411
97865223
53791151
93655961
99175947
51321388
59413779
59168769
19179859
14152581
74934111
47116438
11145359
42718231
12575185
31618487
57551248
14954124
79122477
11717851
57437292
25251418
84433522
15143268
81562389
11568187
19921412
81146113
98545448
19897198
49218173
12517127
91164151
29716363
67663324
81719167
13381791
31183134
67325482
79365464
19876113
55686824
65339489
21155947
51911413
29863995
11176922
46932341
81168957
63821454
19118555
43197791
19847925
99476874
96236718
81348488
54411121
12151118
71525424
29856611
41665314
62916777
71577133
73151781
41931818
21163854
94158185
81151629
17154276
82795818
37935831
95693898
17368632
61871481
81387895
19669552
81627881
51997336
53839266
59149874
42727219
81622748
39846868
75875717
37196922
11615596
46726869
28844179
98411567
32188931
36111522
21427183
34963322
65224562
38578111
11379678
87152316
64219728
28261794
18611789
51841647
57931449
51749647
55851217
12181266
18118281
88528137
35432545
18841182
97622417
42142947
13161772
0