18414
20174
-3435
17880
-2502
22440
-6466
-9470
8953
611
-17793
-3751
12090
1285
183
16281
-3247
18057
628
-7139
-4888
-991
-13011
-7430
-21395
2103
85
-7182
1022
-26749
-9279
-20352
29822
-102
3376
-3639
-9179
-9020
16105
-20855
-6994
-4130
-6904
2410
12363
15485
-13297
15999
-14024
-6372
26278
25021
-12766
-11669
-9293
23716
-7848
-459
-11196
11425
-10684
9465
2408
-8079
8019
-26200
4777
-10524
-904
-6670
-3170
-17370
-6044
-22449
-5647
18516
-14464
12745
31689
-17113
-11069
-7093
-15055
-23546
20752
20535
1654
19435
-4151
4824
-3553
1934
1520
-3128
-17660
11175
-2155
-15374
-7707
-13301
-6687
-1476
-15369
15043
7515
4776
26755
17727
17290
11250
-28944
-19809
17768
-6840
-796
497
1211
-848
3150
-6234
18139
11453
-1753
3067
-7635
-13572
-4223
2322
-21484
9562
-9713
-22432
10103
8331
-4338
24921
-3517
5643
-90
5854
-3187
-3628
1172
5577
-13903
4342
-4860
21100
-2005
-8548
11347
26336
-10870
13105
2069
-12075
-17955
-3704
9723
-4162
-5108
-6923
22998
17121
-12179
-8194
13281
-6407
-10635
6483
20038
-11128
9884
19107
23437
-8777
4344
3657
-2966
-4952
14925
-713
9605
133
2769
3364
15896
-4867
23552
11850
-8878
-10553
-6583
-22057
16510
-3460
-4227
16243
20810
661
14503
895
-3213
5382
-21594
-717
-27898
379
18951
1120
-3569
10092
-9686
-8350
14056
-5156
-10813
8559
14900
30602
6051
-14231
5275
13546
18931
-25886
-4878
3656
5085
17925
1627
27454
2047
15273
-29146
-4267
-11865
20649
10705
-2065
9196
-26082
-15097
22998
26301
3103
8060
24467
9536
22330
7004
1906
15284
1760
19124
373
-14874
-8415
15909
-4847
-13193
-1380
4638
-10263
-19621
10463
-17027
-1371
-6234
3051
7952
14389
-12855
-2413
19519
23282
-4342
2660
7729
4829
-6054
5508
134
-19495
5981
12464
-306
-19656
2387
7561
4911
26150
10322
-7092
-19571
-116
10716
12779
8257
19921
-17237
-2574
-3626
14651
30312
16582
-6468
438
539
24903
-3557
15531
3574
-15579
2232
5000
-1680
3254
12246
16689
-15617
-733
19203
-12192
13925
2577
10678
6432
-9585
-16912
-10855
-41
8091
-10794
8416
-3593
-13077
-24686
-3173
-23305
12013
6054
23086
5129
1359
-14536
-11528
15781
-20217
-7647
23742
-23937
8709
9488
17560
-32099
1438
-3337
13159
-9231
13382
13306
-893
-22574
24445
-3444
11121
-9849
56
14887
-11842
7173
1128
13507
5474
-12335
15685
2257
-432
18718
3340
-2075
1187
-12802
-10904
15351
-8450
21525
-23261
9686
4066
-352
9766
31468
-19477
-9074
-13444
4906
4190
26321
16253
14189
-8153
15764
4516
-16576
-7489
10009
9412
-4394
10654
-13047
-9071
5382
9842
15046
3136
-5820
-1756
-25701
9194
10722
-531
14415
-24820
-1596
6898
-19133
-19876
-391
-12606
-28449
-18040
15968
-540
-7956
-6734
-16781
329
-12053
10984
-8096
-3079
-8120
-4460
95
-16103
-8233
-2746
-11339
-3539
12369
-28446
1519
15522
16379
3609
6028
-12156
-14108
-7368
-1111
-6796
-12613
-25233
-2533
2546
23746
3928
14658
12287
1102
-16740
-15309
-936
-26132
4635
290
21425
-19410
-16444
8772
-22295
-5835
-1273
-16115
2851
19640
25164
-17562
-3194
-20897
11526
-11862
-11337
5947
-26068
1396
25406
2127
-25141
-18805
-21024
-2010
20210
419
-7723
4334
5639
-8663
-8886
11969
6823
-977
-888
7458
-3704
-7600
-22471
5506
2685
19468
8997
-836
24289
-14460
6219
24977
-8479
4978
-5937
-17790
8195
-17048
14841
-7290
19169
-124
17254
-9108
18809
24195
23748
-14688
13519
2084
-13338
-23740
795
-3941
-11519
-11963
-2574
12484
-431
-13580
-14427
-23513
-19877
9387
6752
18228
-1621
19035
9440
-11054
4907
-656
8561
9415
16357
4920
31587
-14023
-12005
-3399
-17061
-4763
-2550
-11658
-16630
-3327
-13706
-18686
4960
-12204
9219
-20462
13950
-20816
8409
-10365
31672
18332
-2846
3780
15246
986
-1902
-821
16809
-10118
-2412
-13216
-1313
-6838
-18092
-22005
-7362
21211
-9729
490
13347
-3994
19851
-585
-11792
4590
-19636
-15591
-1471
11753
-7504
-3805
-19987
15325
14685
24278
-3359
20859
10546
6335
6755
422
1586
7941
-26965
-1645
5261
-7238
21889
-8334
-10575
2158
-3712
-4111
6989
-9063
-24407
-9099
-13545
6925
-7684
-5857
-2317
-5999
-5130
-13649
-23003
4481
-9742
-15172
-7202
2080
6842
1862
3539
8700
-25072
-12977
-7773
5794
-15576
-17838
19272
-17136
1559
30842
-3407
2653
-4503
5872
2644
-12587
-17205
10002
-9043
13507
-10024
-25783
6687
-531
-46
25710
-6200
533
12702
20576
11413
-5029
-8229
10065
-24666
-17997
-9450
2656
5795
-2333
227
4394
4834
15929
10824
10332
4161
-2689
-9856
-20782
4782
19607
10133
21634
-2955
-1301
-3239
14266
29643
15736
-12745
-15401
321
5399
-21706
20120
19863
17450
-13212
-2421
6069
3290
-3848
16612
-17761
12034
17223
-2118
-1109
9758
1846
-14480
6224
-22709
1861
7526
5145
-8315
-15444
17846
18203
-3737
-8324
18639
-21714
-19647
-12534
2620
-5500
11481
-14813
9718
-21094
22002
-6866
3779
10505
5069
-22405
-5107
-5222
-2186
5325
14298
-5060
15293
9923
7457
22553
716
-88
5408
8325
21741
-11213
-14791
-14097
24000
6752
8500
-2722
27324
-2265
-16494
-18619
10528
-4928
435
7469
-23640
-14171
-5056
-234
203
-11916
-14558
3477
247
-19180
-1433
-24746
-17484
-18835
11570
-16633
7911
7071
8995
-1574
11183
-9177
-9598
-4859
-2819
3707
27235
5081
23947
5748
8349
-10778
5512
4863
-8324
21799
22797
3094
15429
-1182
-4657
-7871
-9085
18657
-7874
-2340
5349
-7726
1645
9368
-14738
-9015
13299
-7334
-739
-12115
17011
-17598
-12938
8742
-13829
-3712
-3406
4707
8290
-2462
-21330
3278
5924
5063
-8681
13453
-1637
23121
-5565
-19552
-13713
-12269
21266
-14407
16985
-8650
5926
-28454
3489
-214
-12284
7979
-13778
11349
4009
16704
17823
3226
-307
4493
-1228
-7702
-17703
-15143
-11712
-18602
-3104
14406
-25839
-12489
19105
-16716
-12730
20723
-4397
12230
2545
14193
-917
-19256
20415
-412
6724
22445
794
4301
-10203
-12257
-22707
-2291
19433
4673
-8921
-15224
-3884
7313
-24299
17899
-15276
1350
-13997
-4360
9416
18734
17343
2220
-4306
-9980
5099
7984
-8935
-6170
4386
-20466
-23846
-1792
25719
6038
19887
-21050
-14777
16329
-7862
-11334
-749
3394
-18983
-19767
6867
3711
-26955
6836
-1197
-6003
8096
12760
475
-31226
-9447
619
6014
1189
8244
-14082
-5894
-7386
12505
588
-6942
-4164
6016
-18125
-1721
-2659
-14960
5335
4617
