52
2 25 B
2 12 D
2 41 A
1 12 45
1 60 18
1 14 3
2 71 B
2 55 E
2 84 A
1 91 91
1 66 52
1 7 19
1 50 69
1 53 63
1 88 25
2 11 B
1 52 72
1 91 44
1 20 50
2 7 C
1 28 63
2 96 D
1 79 44
1 92 34
1 63 87
1 28 60
2 32 A
2 48 C
1 65 87
2 36 A
2 24 B
1 35 79
2 91 A
2 3 E
1 8 91
1 2 29
2 36 E
1 93 1
1 49 36
1 50 33
2 76 B
2 87 C
2 1 A
1 66 46
1 14 68
1 71 23
2 1 A
2 13 A
1 12 56
1 93 79
2 87 E
1 18 95
99
2 93 E
1 11 7
1 33 16
2 89 D
2 99 C
1 90 29
2 6 D
2 55 C
2 93 C
1 93 62
2 7 C
2 54 D
2 14 C
2 18 D
2 77 B
1 38 60
2 79 A
1 18 44
1 78 27
2 67 A
2 66 B
1 76 47
2 60 E
2 30 E
2 96 B
1 1 14
2 14 A
1 26 53
1 89 49
2 27 A
1 96 25
1 59 17
1 77 7
1 84 70
2 5 E
1 92 38
2 14 B
1 28 34
1 64 81
2 47 D
1 31 46
2 46 D
2 15 D
1 39 94
2 63 B
1 84 43
2 72 A
2 38 A
1 15 29
2 77 C
1 7 21
1 9 2
1 76 89
1 18 29
1 44 17
2 51 A
1 44 12
2 51 D
2 62 B
1 74 88
2 63 E
1 91 68
1 72 77
1 59 79
2 62 E
1 51 30
2 91 D
2 93 D
2 92 B
2 33 B
1 23 7
2 39 B
2 67 D
2 36 B
1 5 33
2 93 A
1 60 72
2 9 C
1 82 54
1 44 33
2 42 E
1 94 18
1 7 54
2 58 E
2 12 A
1 58 19
1 89 31
1 41 77
2 47 D
1 66 10
2 97 C
1 99 3
1 2 12
2 75 E
2 2 A
1 78 52
2 98 A
2 21 D
1 98 72
95
1 9 76
1 83 16
2 32 B
1 51 99
1 66 45
2 89 B
2 88 D
2 6 B
1 15 30
1 39 32
1 64 13
1 40 46
2 83 E
2 70 A
2 16 B
2 51 A
2 17 A
2 24 E
1 29 61
2 11 E
2 7 A
1 62 95
1 86 48
2 56 B
1 95 68
2 80 D
2 10 D
1 67 50
1 56 8
1 4 33
2 5 C
1 38 60
1 38 28
1 27 17
1 17 50
2 10 C
1 34 11
2 59 E
2 35 B
1 72 93
2 28 D
1 92 60
1 34 83
2 26 E
2 96 D
1 90 8
2 96 B
2 87 E
2 62 A
1 51 89
2 47 D
1 70 5
1 54 70
2 74 B
2 6 C
1 56 18
2 56 E
1 48 40
1 16 48
1 4 45
2 93 D
2 21 B
1 92 5
1 43 31
1 61 17
2 60 B
1 22 26
2 47 C
1 62 40
1 55 37
2 77 C
1 15 65
1 90 47
1 85 37
1 14 11
2 68 B
2 33 C
1 59 25
2 36 E
2 59 B
2 26 A
2 17 A
2 33 C
2 91 B
2 2 C
2 44 B
2 44 B
1 77 72
2 77 C
2 100 A
1 52 84
1 53 6
1 12 99
1 26 97
1 92 20
98
1 59 100
1 71 98
2 65 D
1 63 90
2 98 C
1 45 100
1 77 46
1 54 21
2 44 C
2 41 D
1 100 92
1 8 25
2 86 C
2 34 D
1 30 42
1 6 16
2 50 C
1 73 87
1 19 54
1 23 20
2 94 B
1 53 40
1 28 91
2 74 C
1 51 63
2 83 B
1 86 84
2 94 C
1 39 2
1 16 69
2 47 B
2 17 B
2 46 A
2 32 A
2 49 B
1 60 18
2 31 E
2 57 D
2 4 E
2 66 A
2 18 C
1 88 33
2 14 A
1 92 100
1 9 8
1 58 91
1 42 65
2 61 A
1 60 12
1 26 11
1 75 52
1 57 5
2 68 B
1 20 88
2 61 C
2 55 C
2 35 A
1 61 15
1 44 10
1 90 97
1 21 62
2 51 B
1 28 71
1 71 57
1 17 57
2 67 B
2 79 A
1 9 66
2 91 D
1 86 30
1 94 42
2 2 E
2 17 D
2 35 E
2 98 D
2 86 A
1 64 56
2 9 B
1 42 55
1 20 84
2 13 E
2 49 A
2 1 D
1 88 85
1 72 17
2 70 A
2 89 C
1 38 81
1 32 12
1 68 38
1 11 90
2 28 D
2 63 A
1 81 36
2 84 C
2 51 A
2 3 A
1 73 55
39
2 71 E
1 97 18
1 54 85
1 65 11
1 38 35
2 54 B
1 71 16
2 40 D
1 38 87
2 97 D
2 91 A
1 37 97
1 83 44
1 13 70
2 77 C
1 14 58
1 42 42
2 2 A
2 68 A
2 83 C
2 18 B
1 16 13
2 91 D
2 51 A
1 39 75
2 5 E
2 90 A
1 81 17
2 56 D
1 26 44
2 34 A
2 18 A
2 9 B
2 57 E
2 22 C
2 18 A
2 92 E
1 57 63
1 35 4
97
2 98 B
2 32 E
2 90 A
1 17 69
1 44 89
2 43 B
1 7 94
2 34 C
2 23 E
1 66 4
2 34 B
1 47 85
1 49 56
1 95 71
1 74 69
1 10 49
2 34 C
2 58 C
2 38 D
2 63 B
1 92 34
2 29 D
2 21 C
1 93 31
1 92 84
1 70 25
2 68 C
1 11 88
2 23 A
1 5 76
2 80 E
1 35 32
2 69 D
1 79 53
2 61 E
2 90 A
2 40 E
1 99 46
2 10 D
1 38 43
1 81 59
2 2 B
1 46 34
2 24 D
1 11 13
1 18 29
2 62 E
2 12 A
1 76 25
2 27 C
2 53 C
2 7 A
2 40 C
2 99 A
1 89 20
1 79 42
2 23 D
1 51 27
1 63 54
2 73 B
2 95 D
2 45 A
1 41 56
1 2 44
2 91 D
2 99 B
1 41 64
2 31 E
2 62 B
2 48 B
2 61 B
2 56 A
1 27 6
2 38 E
2 10 B
1 94 85
2 60 E
2 20 B
2 14 C
2 51 B
2 28 B
2 9 B
1 73 79
1 2 12
2 22 D
2 41 A
2 70 B
2 31 B
2 19 B
1 31 5
1 21 20
1 45 46
1 39 55
2 75 D
2 21 D
1 42 100
2 71 B
1
1 53 55
96
2 22 E
2 96 D
1 18 73
2 26 D
2 71 B
1 46 29
1 96 13
1 67 24
1 59 91
1 99 4
2 5 B
1 4 71
2 34 C
2 78 A
2 18 A
1 77 37
1 25 11
2 90 D
2 41 C
2 66 C
2 83 B
2 48 B
2 31 C
1 17 82
2 18 A
1 96 72
2 60 A
2 27 B
1 12 28
2 35 D
1 86 62
2 87 A
2 39 D
1 93 34
2 74 A
2 35 E
1 21 35
1 76 20
2 58 A
1 23 99
1 2 88
1 59 78
1 84 63
2 87 D
1 77 49
1 92 42
1 2 60
2 49 D
2 31 A
1 31 2
2 51 D
1 3 69
2 81 A
2 49 D
2 28 B
2 7 D
2 52 C
1 35 69
2 23 D
1 88 62
1 25 97
2 99 B
2 65 D
1 63 90
2 23 B
2 80 D
1 3 62
2 86 D
1 84 3
1 40 2
1 78 67
2 100 C
2 82 B
2 43 E
2 93 E
1 98 74
1 94 15
2 50 A
2 31 E
1 16 64
2 34 B
1 54 58
2 24 A
1 67 19
1 13 22
2 66 E
2 97 E
1 33 46
2 23 E
1 39 35
1 33 82
1 86 14
1 5 74
1 82 1
1 77 30
2 35 A
38
1 97 99
1 15 78
1 36 82
2 53 C
2 39 D
2 90 B
1 97 87
2 88 B
2 59 D
1 32 92
2 16 C
1 3 40
2 58 D
2 72 D
2 98 A
2 43 C
2 33 E
2 53 E
2 81 B
1 15 86
2 62 D
2 16 E
1 7 52
1 76 90
1 62 85
2 66 D
2 80 D
2 73 A
1 18 3
1 78 14
1 93 24
1 41 51
1 3 62
2 35 B
2 38 E
2 54 C
2 74 D
2 68 A
95
2 77 C
2 27 D
1 36 43
1 40 41
2 88 E
2 6 A
1 95 51
2 48 A
1 37 71
2 23 E
1 50 34
1 95 40
1 80 29
1 100 55
2 62 A
2 89 E
2 57 B
2 50 A
1 69 66
1 11 22
1 39 36
1 66 86
1 6 15
2 55 E
1 25 98
2 80 C
2 37 B
1 10 68
2 31 E
2 4 C
1 97 73
1 53 50
1 71 90
2 54 A
1 39 7
2 37 D
1 77 97
2 76 A
1 97 6
2 81 D
1 56 95
1 34 10
1 39 63
1 69 74
1 83 71
2 10 A
2 21 D
1 64 65
2 2 A
1 44 70
2 22 B
1 66 37
1 9 74
2 47 B
2 36 B
2 61 D
1 42 37
1 45 92
2 95 B
1 17 23
1 21 7
1 84 13
1 11 97
2 93 E
2 41 D
1 33 47
1 28 25
1 23 30
1 57 61
2 94 A
1 57 65
1 14 48
1 36 44
1 11 27
1 33 31
2 47 E
1 69 5
2 33 D
2 88 C
2 55 D
1 83 73
1 74 63
1 33 10
2 38 A
2 16 E
1 27 74
1 23 76
2 87 D
2 19 B
2 75 E
2 46 C
1 83 24
2 58 D
2 96 E
2 12 D
27
1 71 38
2 94 A
2 17 A
2 79 A
1 21 70
2 99 B
2 75 D
1 73 95
2 35 C
1 39 40
1 34 63
1 11 65
2 68 C
1 72 8
1 10 5
2 70 C
1 64 64
1 53 62
2 60 D
1 78 14
2 78 B
1 13 17
2 69 A
1 12 7
2 51 D
2 84 E
2 68 D
94
2 92 D
1 17 46
1 70 3
2 73 D
2 83 B
2 92 C
1 46 29
1 43 45
2 14 B
1 32 44
2 100 B
2 80 C
1 12 76
2 72 D
1 51 35
2 55 D
1 29 77
1 53 82
1 71 49
2 7 E
1 9 72
2 26 C
1 86 44
2 9 C
1 19 35
2 11 B
2 26 E
2 10 D
1 33 29
2 12 A
1 32 22
1 11 54
1 62 71
1 100 55
2 49 B
2 5 C
2 93 B
2 61 A
1 41 95
1 45 96
2 63 A
2 22 D
1 88 78
1 63 3
1 8 97
1 47 82
2 33 C
1 58 16
2 71 E
1 4 44
1 39 77
2 60 E
1 93 79
2 28 A
2 38 D
2 2 B
2 13 D
1 40 63
2 66 C
2 94 B
2 17 A
2 71 A
1 62 69
2 43 A
1 1 28
2 60 D
1 72 49
2 38 E
1 14 22
2 55 A
2 3 B
2 55 E
1 48 96
1 67 77
2 50 A
2 2 A
1 92 33
2 16 D
1 52 87
2 26 D
1 79 74
1 32 10
1 43 31
1 14 68
1 79 35
2 15 D
1 29 21
1 79 4
1 28 55
1 16 92
2 52 A
2 45 B
2 18 D
2 5 C
65
1 31 23
2 36 B
2 21 B
2 89 E
2 93 A
1 79 93
2 46 B
1 59 44
2 7 D
1 97 6
1 16 31
2 93 B
1 49 75
1 15 81
1 78 100
2 30 A
1 40 1
1 87 54
1 47 37
1 60 54
2 87 E
2 78 A
2 61 B
2 95 E
2 11 E
1 88 94
2 50 E
1 40 67
1 94 97
2 11 B
1 9 32
2 73 B
2 40 D
2 29 D
2 68 E
1 38 66
2 56 E
1 71 11
1 64 49
1 42 42
2 1 B
2 99 D
1 88 7
2 70 B
2 75 A
1 36 88
1 30 92
2 34 E
1 28 95
1 32 46
1 78 100
1 82 8
2 26 A
2 41 E
2 25 C
1 79 82
1 55 95
2 17 B
1 78 37
2 34 D
2 23 D
1 23 13
1 39 85
1 88 10
2 85 D
93
2 41 C
1 22 48
1 71 46
1 33 73
2 24 A
1 100 67
1 60 84
1 20 60
1 93 7
1 66 100
1 70 74
2 77 E
2 33 C
1 70 61
2 54 A
1 79 74
1 24 50
1 33 90
1 4 53
2 31 A
2 6 C
1 39 16
1 89 54
1 64 54
2 82 E
2 91 E
1 74 8
2 16 B
2 71 B
2 28 D
1 4 65
2 37 E
2 67 A
1 30 16
2 4 B
2 60 A
1 66 24
2 86 D
2 85 D
2 69 E
2 51 C
1 32 7
2 32 A
2 43 D
1 46 19
1 90 75
1 92 31
1 10 31
2 90 C
2 70 A
2 26 D
1 22 11
1 8 7
1 91 23
1 95 61
1 74 12
2 8 A
1 68 33
1 100 62
1 34 89
2 86 E
1 9 79
2 33 A
1 89 52
1 4 17
1 66 91
1 58 70
2 41 A
2 38 A
2 69 D
1 85 23
2 75 C
1 14 25
2 63 A
1 32 19
1 66 13
2 66 D
2 58 D
2 39 C
2 92 E
2 91 C
2 78 B
1 25 10
2 20 C
1 95 83
2 16 C
1 92 58
2 70 C
1 18 30
1 19 87
1 60 86
2 68 D
1 85 1
10
1 86 43
1 14 28
1 5 13
1 6 29
2 77 D
1 10 87
1 28 57
1 95 7
1 19 15
1 9 82
92
2 7 B
2 26 C
1 14 37
2 40 B
1 69 11
1 87 54
2 76 A
2 26 B
1 32 75
1 59 15
1 51 98
1 63 78
2 73 B
1 87 9
2 100 A
1 70 1
1 90 39
1 84 93
2 31 D
2 87 E
2 51 D
1 13 51
2 90 D
1 59 97
1 85 98
1 24 68
2 55 C
2 9 E
1 4 43
1 25 46
2 7 C
1 73 30
1 62 58
2 44 B
1 50 17
2 68 A
1 52 69
1 72 74
1 27 6
1 35 67
2 31 C
1 49 89
2 20 E
1 59 90
2 100 C
2 86 C
1 10 15
2 77 A
1 96 50
1 65 7
2 13 D
2 22 D
1 33 23
1 79 80
2 71 D
1 26 27
1 74 85
1 75 15
1 61 73
2 12 B
2 100 B
1 71 35
1 46 38
2 17 E
1 94 66
1 14 83
1 67 57
1 41 55
2 62 C
2 80 A
2 23 B
1 9 23
2 25 A
1 66 30
1 80 6
2 48 A
1 43 18
2 100 C
2 27 B
2 59 E
1 39 93
1 89 95
1 32 94
2 55 D
1 38 1
1 54 73
2 44 A
2 57 C
1 2 2
2 25 D
2 74 E
1 8 82
11
1 82 29
2 22 A
1 11 1
1 68 96
2 86 D
1 74 31
2 76 E
1 16 25
1 14 18
2 39 C
2 8 A
91
2 68 A
2 48 E
2 98 E
2 62 C
2 13 A
2 23 B
1 29 8
2 78 A
2 69 C
2 76 C
2 71 B
2 88 B
1 5 3
2 89 B
2 50 D
2 54 B
1 56 99
1 88 54
2 69 E
1 42 5
2 51 E
1 35 49
2 99 C
1 79 88
2 42 C
2 66 D
1 94 94
2 86 D
2 76 E
2 56 B
2 87 D
1 45 52
2 27 D
2 54 C
2 41 C
2 34 D
1 3 71
2 1 A
2 80 D
2 27 E
1 76 88
1 83 46
2 13 D
2 29 D
2 57 C
1 28 1
1 36 34
2 51 E
2 2 B
1 97 70
2 9 C
1 41 14
1 24 15
1 76 74
1 98 41
1 52 11
2 12 C
2 98 A
1 63 10
2 16 D
2 78 C
1 82 33
1 91 17
2 4 C
2 40 A
2 3 C
2 99 D
1 57 48
1 66 99
1 8 31
2 17 C
2 26 E
1 19 59
2 46 B
2 52 E
2 58 C
2 51 D
2 49 C
2 29 B
1 50 87
2 43 D
1 55 61
1 16 93
1 21 100
2 38 D
1 58 89
2 23 E
1 46 36
1 94 10
2 49 D
1 25 50
79
1 14 99
1 63 46
2 62 A
2 83 C
1 7 17
2 27 E
1 94 7
1 76 74
2 34 B
1 12 49
1 69 50
2 49 E
2 94 A
1 76 83
2 58 C
2 62 B
1 50 68
2 54 A
2 29 A
2 25 B
1 96 66
2 23 B
1 14 31
1 95 82
2 10 C
1 45 17
1 26 20
2 95 C
1 21 40
1 6 58
1 55 10
1 84 45
1 30 85
2 52 E
1 23 35
2 97 C
2 90 A
1 96 95
1 67 78
1 39 20
1 29 46
1 29 6
2 82 D
2 45 E
1 7 14
1 18 26
2 1 A
2 15 B
2 58 E
2 91 C
1 60 67
2 68 A
1 87 50
2 100 E
1 77 59
2 92 B
1 31 40
2 95 C
1 100 58
1 79 15
1 13 16
1 24 42
2 68 B
1 10 31
1 81 16
2 74 A
1 79 2
2 32 A
2 90 E
1 60 49
1 75 58
2 32 A
2 40 A
1 95 92
1 55 27
1 39 81
2 36 D
2 82 B
2 53 A
90
2 9 B
1 61 34
2 100 D
2 51 B
1 35 91
1 79 70
1 57 82
1 72 44
2 40 B
1 25 30
1 48 91
2 75 A
2 77 B
1 15 68
1 19 26
1 60 50
1 85 71
2 82 D
1 16 39
1 79 74
1 33 30
2 8 C
1 19 97
2 34 D
1 60 27
1 15 64
2 100 B
1 67 56
2 15 C
1 11 27
1 19 44
2 93 B
1 67 20
2 14 C
1 5 85
1 5 90
1 46 44
1 48 39
1 37 36
2 13 A
1 86 82
2 59 E
2 43 A
1 65 34
2 60 C
2 93 C
1 3 18
1 98 6
1 29 81
2 56 B
2 74 A
1 50 72
2 67 D
1 62 22
2 25 A
2 91 D
2 51 D
2 10 E
1 67 95
2 100 C
2 32 D
1 93 23
1 33 4
2 65 C
1 6 56
1 76 79
2 70 E
2 12 C
2 68 A
2 98 A
2 4 D
2 48 E
1 44 36
2 45 C
2 88 B
2 31 A
1 45 88
1 98 6
2 9 E
2 39 D
1 90 92
2 73 A
1 76 100
1 73 35
2 73 E
1 2 39
2 87 C
1 31 73
1 100 88
2 21 C
5
2 44 C
2 61 E
1 13 17
1 54 81
2 31 D
89
2 14 B
1 85 53
1 84 64
2 74 E
1 70 74
1 84 28
1 3 41
2 79 A
2 23 C
2 69 A
1 75 42
1 72 17
2 40 D
1 100 88
2 22 D
2 31 A
2 20 D
1 17 49
2 86 C
1 65 46
1 23 3
2 61 D
2 61 D
2 49 E
1 62 13
1 92 14
2 75 D
2 55 D
2 52 C
2 23 C
1 12 33
1 2 78
2 9 B
2 96 C
2 3 D
2 42 E
2 2 B
1 14 16
1 27 16
2 27 C
1 65 49
1 50 65
1 100 68
1 48 92
1 22 92
2 86 B
1 100 56
1 40 56
1 39 99
2 88 D
1 15 32
1 64 34
1 81 88
1 91 90
2 48 A
1 90 99
2 47 C
2 80 A
1 9 95
2 34 C
2 59 A
1 56 90
1 17 100
1 70 27
2 26 C
1 92 4
1 60 68
2 20 C
1 51 94
1 22 89
2 55 B
1 53 95
2 59 D
2 2 D
1 85 70
1 53 9
1 92 98
2 36 A
1 41 50
2 96 C
2 56 E
1 12 21
2 98 B
2 91 D
1 76 69
2 90 E
2 19 B
2 4 D
1 100 89
70
1 92 22
1 39 42
1 77 91
1 56 4
2 43 E
2 83 C
1 56 9
1 52 36
2 94 E
1 9 39
2 64 B
1 100 1
2 53 B
2 72 C
1 13 44
1 22 13
2 64 C
2 81 D
1 75 86
2 73 D
1 43 48
1 87 73
1 56 36
1 82 77
1 87 1
2 90 A
1 74 52
2 65 B
1 23 70
2 71 A
2 38 C
2 26 E
2 52 C
1 87 85
2 92 E
2 45 D
2 8 E
1 25 95
1 77 81
2 14 C
1 16 57
1 66 38
2 90 D
1 9 67
2 79 A
2 12 C
2 74 C
2 88 A
1 49 96
1 61 17
2 53 B
2 63 B
2 20 C
2 40 D
1 2 45
1 55 26
2 65 E
1 28 18
2 86 C
1 38 97
1 67 99
1 97 70
1 87 28
2 58 E
2 61 B
2 52 E
1 64 50
2 21 A
2 66 D
2 23 D
88
1 78 65
2 48 A
2 56 A
1 68 1
2 18 E
2 99 A
1 11 99
1 1 32
2 28 C
1 16 38
2 71 A
1 69 84
2 8 A
2 87 A
1 77 72
2 93 B
2 91 E
2 29 E
1 55 89
1 17 2
1 5 69
2 51 E
1 66 60
1 76 8
1 53 75
2 45 C
2 19 E
2 9 E
2 89 D
2 39 A
2 32 D
2 20 D
2 62 C
2 76 C
2 28 C
1 82 77
2 54 C
1 94 85
1 98 45
2 12 E
1 44 24
1 32 35
1 91 97
1 65 81
1 96 70
2 37 C
2 98 C
2 81 C
1 97 96
1 4 18
1 40 60
1 85 31
2 47 D
2 13 A
2 83 E
2 21 C
2 29 B
2 39 A
1 78 31
1 99 83
1 18 83
2 27 B
1 26 7
1 77 97
2 42 D
2 8 E
2 60 A
1 1 53
2 28 B
1 16 47
1 87 7
2 61 A
1 2 12
2 78 C
1 56 27
1 43 77
1 1 25
2 12 E
2 3 D
1 89 34
2 6 E
1 36 81
1 28 89
2 95 B
2 24 D
2 38 D
1 22 95
2 55 E
22
2 9 D
2 27 D
1 11 94
2 55 A
2 74 B
1 14 4
2 85 A
2 94 A
2 64 D
2 33 E
1 13 23
2 53 C
1 46 98
2 76 C
2 3 A
1 85 26
2 87 A
2 14 A
2 86 E
2 39 B
2 18 D
2 75 D
87
1 36 44
2 4 D
2 97 A
1 89 36
1 8 24
2 78 A
1 39 72
1 14 61
1 36 74
1 28 73
2 8 C
2 58 A
1 34 23
1 65 56
1 23 74
1 38 7
1 30 57
2 34 E
2 62 E
2 48 E
1 13 65
1 70 19
1 72 60
2 24 A
2 39 C
1 22 82
1 84 98
2 19 E
2 88 D
1 76 29
1 68 38
2 58 E
1 24 12
1 91 53
1 41 79
1 74 83
2 54 E
1 47 2
2 89 C
2 14 A
1 74 36
1 87 42
1 45 74
1 84 89
2 70 E
1 38 4
1 21 91
1 91 52
2 94 C
2 70 D
1 85 83
2 57 E
2 14 E
2 66 E
2 73 B
2 17 B
2 49 C
2 49 B
2 43 C
2 55 D
1 59 55
2 62 A
2 8 C
2 12 B
1 66 64
1 43 42
2 89 B
2 60 C
2 5 D
1 1 9
1 83 78
2 49 D
1 89 90
2 14 A
1 25 57
2 41 C
1 30 76
1 64 17
1 13 92
1 6 20
2 57 C
1 44 44
1 28 32
1 46 64
1 2 17
2 76 A
1 26 65
45
1 85 6
1 70 39
2 94 C
1 48 15
2 25 E
2 6 E
1 25 52
2 81 E
1 62 52
2 19 A
2 83 E
1 72 59
2 62 B
1 4 17
2 96 A
1 85 43
2 46 A
2 45 C
1 49 16
2 77 A
2 47 B
2 68 C
2 79 A
2 79 E
1 91 6
1 3 32
1 76 96
2 44 D
2 20 B
1 28 11
1 41 70
1 27 51
1 6 31
1 22 91
2 1 E
2 33 E
2 85 B
2 97 C
1 1 5
1 99 71
2 93 B
1 24 1
1 21 32
1 84 56
1 77 34
86
2 73 A
2 57 A
2 73 E
1 39 81
1 32 71
2 48 A
1 38 55
2 26 D
1 16 27
1 94 47
1 10 9
2 76 D
2 91 C
2 12 E
2 70 A
2 65 B
1 5 26
1 33 25
1 11 6
1 96 54
2 19 B
2 46 D
2 35 D
1 1 81
1 68 82
2 53 C
1 9 83
2 74 D
1 56 38
1 38 52
2 18 A
1 75 38
2 35 E
1 14 43
1 26 2
2 72 B
1 85 26
2 17 C
2 46 D
1 89 62
1 64 85
1 94 26
1 61 43
1 19 70
1 94 60
1 56 2
1 63 58
2 60 E
2 7 A
1 72 63
2 24 E
1 46 15
2 89 D
1 21 38
1 92 10
2 48 C
2 39 E
2 95 C
1 62 93
1 14 49
1 23 23
1 95 60
1 47 66
2 17 D
1 44 18
1 10 60
1 81 52
1 17 53
1 26 88
2 88 B
2 79 C
1 30 16
1 4 75
1 99 22
1 59 84
1 66 79
2 63 A
2 57 D
1 14 31
2 45 E
2 44 B
1 98 8
1 98 79
1 44 23
1 88 10
1 30 42
20
1 81 23
1 27 17
1 85 66
2 92 B
2 94 C
1 13 81
1 95 91
2 63 B
2 19 D
2 76 E
2 4 B
2 95 C
2 9 B
1 7 25
1 75 43
1 86 95
1 91 38
2 11 A
1 98 1
1 43 79
85
2 58 A
1 100 6
1 34 1
1 95 97
1 53 19
1 48 50
2 47 B
1 79 68
2 78 A
2 20 D
2 13 E
1 72 3
1 11 56
1 8 8
2 99 E
1 52 16
2 16 B
2 61 B
1 83 91
2 19 A
1 12 87
2 90 D
2 77 C
2 13 D
2 87 E
1 99 11
2 51 C
2 100 E
2 76 B
1 36 89
2 54 E
1 56 76
2 71 C
2 85 A
2 71 B
1 61 24
2 72 B
1 16 90
2 81 A
2 90 D
1 80 59
1 89 82
2 57 A
2 88 D
2 52 E
1 58 63
2 18 B
2 93 D
1 1 75
2 46 A
1 90 85
1 26 61
1 75 38
1 23 47
2 89 B
1 74 53
2 41 C
2 29 C
1 33 86
1 60 16
2 40 C
1 26 25
1 38 17
1 94 62
2 29 E
2 23 E
2 55 A
2 19 E
2 32 B
2 8 D
2 9 B
1 47 92
1 31 22
2 79 C
1 99 5
1 62 41
1 81 62
2 41 B
2 89 E
2 75 E
1 95 87
2 23 A
1 9 75
1 97 9
1 63 26
40
1 23 92
1 61 39
1 96 100
1 94 12
2 65 D
1 59 45
1 93 35
2 71 E
1 26 20
1 34 91
2 70 D
2 45 C
1 28 72
1 18 74
1 23 56
2 44 C
1 44 99
2 84 E
1 21 17
2 21 A
2 51 E
2 82 E
1 51 90
2 56 A
2 30 A
1 50 31
1 38 65
2 64 E
2 64 A
2 59 E
2 62 E
2 95 A
1 77 97
2 14 E
2 6 A
1 24 76
1 61 86
2 75 C
1 28 37
2 21 A
84
1 30 31
2 98 E
1 84 29
1 88 15
1 27 12
2 11 E
1 7 3
2 28 D
2 14 D
1 92 19
2 46 B
1 32 74
1 3 98
1 15 2
1 73 30
2 4 A
2 25 C
2 84 A
1 53 54
1 100 84
1 13 64
2 81 B
2 92 C
2 17 C
2 25 D
2 67 E
1 92 72
1 9 69
2 83 E
2 54 D
2 81 C
1 97 61
1 90 22
2 68 C
2 100 E
1 38 97
1 93 22
1 50 20
2 80 A
1 53 93
2 62 C
2 12 C
2 94 B
2 6 C
2 52 A
1 35 19
2 28 A
2 3 B
2 52 A
1 12 4
1 62 6
1 25 22
1 13 94
1 39 61
1 2 88
1 60 64
1 27 18
2 52 D
1 73 52
1 79 54
1 38 55
1 41 47
1 77 43
1 81 51
2 95 C
2 72 D
2 64 E
2 17 D
2 33 D
1 91 28
2 94 A
2 83 C
1 16 29
1 45 16
2 50 C
1 9 51
2 51 D
1 27 19
1 11 74
2 45 C
2 56 E
1 15 7
2 89 C
2 56 D
77
1 44 57
1 55 3
1 72 81
1 80 79
1 41 78
2 14 D
2 73 E
2 64 C
2 27 D
1 6 34
2 83 C
1 42 82
1 50 95
1 59 66
1 100 29
2 28 A
1 15 13
2 21 D
2 40 A
2 49 C
2 92 E
2 62 C
2 24 E
1 18 86
2 52 E
1 60 70
2 83 C
2 36 A
1 39 31
2 86 E
1 100 59
1 21 59
1 68 49
2 13 E
2 77 D
1 36 12
1 18 22
2 97 E
2 79 B
1 63 83
1 39 62
2 12 C
1 86 78
1 40 76
1 64 7
2 34 D
1 63 24
2 45 D
2 14 A
1 74 56
2 15 D
2 84 B
2 33 B
1 60 46
1 10 97
1 54 46
1 26 70
1 44 51
1 48 2
2 39 D
1 76 74
1 26 14
1 23 70
1 51 34
2 55 E
1 31 87
2 77 E
2 55 A
2 16 C
1 43 98
2 7 A
2 46 E
1 65 87
1 68 90
1 62 43
1 65 23
2 50 D
83
1 6 1
2 18 A
1 9 95
2 15 C
1 7 21
1 29 20
2 68 A
1 39 45
1 89 55
2 41 B
1 70 5
2 93 C
2 14 C
1 45 56
2 21 D
2 45 A
2 100 A
2 4 C
2 55 B
1 53 57
1 17 44
1 43 91
2 39 D
2 13 C
1 28 70
1 12 73
2 73 D
2 71 A
1 85 100
1 23 100
1 90 51
1 24 28
1 95 58
1 12 48
1 52 67
1 83 69
1 12 37
1 73 89
1 14 74
1 11 42
1 53 54
2 34 B
2 47 C
1 84 53
1 49 97
2 55 B
1 75 92
2 37 E
2 2 E
1 69 58
2 66 D
1 2 21
2 47 D
2 19 B
1 76 43
2 95 B
2 17 C
1 98 8
1 73 6
2 54 B
2 17 E
2 52 C
1 67 13
1 49 81
2 73 A
2 45 C
1 37 84
2 38 D
2 89 C
1 8 10
1 17 64
1 94 81
1 44 73
2 20 D
1 24 21
2 61 E
1 7 67
1 61 37
1 49 23
2 54 B
2 21 C
2 57 B
2 47 B
27
1 68 54
1 71 51
2 97 C
1 93 91
1 12 72
2 85 B
2 90 B
2 87 D
2 71 C
1 42 40
1 25 49
1 44 18
2 47 C
2 66 A
2 40 A
2 32 A
2 73 A
2 98 C
1 69 32
2 5 B
2 2 B
2 98 C
2 11 E
2 7 A
2 19 B
1 67 3
1 4 96
82
1 56 97
2 35 C
2 93 B
2 63 B
1 80 73
1 47 26
1 48 1
1 11 69
2 79 C
1 40 79
1 8 33
1 25 31
1 3 67
1 18 4
1 46 22
2 27 E
1 64 35
1 77 11
2 1 C
2 33 C
2 33 A
1 96 85
1 30 92
2 1 E
2 93 A
1 79 98
1 50 86
2 34 D
1 11 25
2 94 A
1 61 39
1 46 10
2 74 E
2 40 C
2 23 B
1 12 80
1 72 6
2 17 A
1 1 32
2 83 D
2 40 C
2 46 C
1 63 63
2 51 D
1 57 3
1 71 62
1 4 46
2 47 C
2 17 B
2 56 E
1 49 24
2 97 E
1 79 58
1 63 100
2 50 B
2 2 E
2 49 B
1 49 49
1 5 39
2 66 C
2 21 C
1 94 49
1 57 94
2 59 D
2 77 C
2 79 C
2 87 E
1 3 61
2 1 B
2 22 B
2 14 A
2 83 D
2 72 C
2 71 C
1 44 92
1 54 87
1 54 75
1 50 26
1 15 26
2 47 B
1 100 37
1 67 63
31
2 58 D
2 58 B
2 55 D
2 44 E
1 100 5
2 2 E
2 92 B
1 25 26
1 87 77
1 17 51
2 40 C
2 58 A
2 84 A
1 22 78
2 5 C
1 29 70
1 59 23
1 17 42
1 41 91
2 86 C
1 47 92
1 86 15
2 98 A
1 96 81
1 1 54
2 94 B
2 100 A
1 38 59
2 43 A
1 59 79
2 42 D
81
1 18 26
2 71 B
2 47 E
2 62 C
2 73 B
1 3 31
1 92 69
2 31 A
1 88 97
2 34 B
1 2 84
2 33 C
2 78 D
1 56 95
2 72 C
1 37 77
1 58 47
2 97 C
2 70 B
1 71 21
2 23 B
1 52 82
1 18 62
1 70 46
1 21 56
2 14 C
1 54 6
1 47 18
1 25 47
1 80 79
1 26 21
2 63 C
2 64 A
2 81 E
1 23 37
1 89 36
1 32 76
2 7 D
2 15 B
2 80 E
1 40 26
1 98 40
1 14 56
2 63 A
1 82 97
2 90 B
2 65 E
1 5 8
1 18 65
2 85 C
2 29 C
2 48 A
1 1 75
1 13 75
1 30 38
1 41 77
2 42 A
2 10 D
2 25 D
1 42 95
2 32 E
2 46 D
2 59 A
1 76 94
1 100 56
2 57 A
1 43 64
1 62 55
2 84 A
1 19 15
1 71 48
1 90 51
2 21 D
2 12 C
1 54 70
1 2 3
2 89 D
1 99 71
1 64 2
1 42 27
1 97 12
17
1 31 37
1 8 26
2 92 D
1 81 67
2 38 A
1 56 54
2 18 B
2 47 A
1 93 73
2 7 C
1 89 22
1 85 31
2 29 B
1 32 13
1 14 51
2 35 A
2 88 C
80
2 9 D
1 92 71
1 23 66
2 76 C
1 71 73
1 20 98
1 94 43
1 64 17
2 28 A
2 62 B
1 8 30
1 15 42
1 12 89
2 94 E
1 100 36
2 13 D
2 18 E
1 30 64
2 12 E
2 75 D
1 76 83
1 24 19
1 67 10
2 23 A
1 68 82
1 15 13
2 64 E
2 44 B
2 37 D
2 93 A
1 90 83
1 28 52
2 29 C
1 93 51
2 81 B
2 23 B
1 37 80
2 46 A
2 60 B
1 22 69
1 62 39
1 6 6
1 48 24
1 12 33
2 6 B
2 12 C
2 33 C
2 99 C
2 58 B
1 59 71
2 86 C
1 95 9
2 73 A
2 1 B
2 54 E
1 31 87
1 81 88
2 51 B
1 12 14
2 16 E
2 17 B
2 45 B
2 71 E
1 26 14
1 44 53
1 92 47
2 43 E
2 17 E
1 96 67
1 91 49
2 42 E
2 33 C
1 5 65
1 7 30
2 71 B
2 77 D
2 51 D
2 67 B
1 35 78
2 96 E
3
1 89 42
1 90 7
1 98 10
79
2 69 E
2 67 B
1 55 86
2 21 B
1 58 76
2 37 D
1 42 78
1 50 44
2 29 C
1 5 69
2 59 E
2 11 E
2 53 B
1 25 27
2 3 E
2 34 E
1 8 18
2 45 E
1 76 85
1 83 11
1 29 76
1 18 89
2 59 A
1 90 54
2 5 D
1 46 47
1 40 40
2 52 C
1 100 11
1 76 3
1 88 12
2 49 C
1 46 96
2 42 C
1 68 73
1 89 15
1 25 94
1 28 8
1 52 5
1 96 19
1 65 44
2 22 D
2 27 C
1 30 38
1 35 59
1 5 52
1 46 24
2 36 A
1 39 18
2 75 A
1 66 15
2 99 E
1 17 23
1 45 9
1 45 86
2 42 C
2 53 B
1 57 79
1 80 78
2 42 B
1 26 32
1 12 50
2 50 D
1 80 58
1 64 13
2 96 E
1 96 40
1 84 80
1 100 44
2 61 B
1 21 12
2 56 A
2 92 A
1 49 8
1 68 97
1 86 67
2 31 C
1 18 4
1 16 48
96
2 17 D
1 18 30
1 51 22
2 66 D
2 20 D
1 18 10
2 47 E
2 77 A
2 68 E
1 54 63
1 52 69
1 6 92
2 20 A
2 88 A
1 89 98
1 74 13
1 95 40
1 27 41
1 87 36
1 11 25
1 33 74
1 2 82
1 17 28
1 81 42
1 34 55
1 43 74
1 90 69
1 21 40
1 42 86
1 84 20
1 15 1
2 29 A
1 37 55
1 52 43
1 68 54
1 96 35
2 27 B
1 9 99
2 9 E
1 51 9
1 19 36
2 17 B
1 48 19
2 97 D
2 8 D
2 42 C
1 74 49
2 99 D
2 21 C
1 34 82
2 82 C
2 83 A
2 10 D
2 55 E
2 77 D
2 54 B
1 82 4
2 43 A
2 47 B
1 80 70
1 18 69
1 95 11
2 37 C
2 59 C
1 62 48
1 10 2
1 44 71
1 71 52
1 23 16
2 55 A
2 93 A
1 25 62
2 37 E
2 35 A
2 25 E
1 93 13
1 22 24
2 69 E
2 59 A
1 25 19
2 51 A
2 22 E
2 56 D
2 83 D
1 90 39
2 5 D
2 14 C
1 86 54
2 28 D
2 14 A
1 57 2
1 64 81
2 72 D
1 57 97
1 50 86
1 11 18
78
2 23 A
2 81 C
2 25 C
1 54 84
2 45 B
2 66 B
2 21 E
2 66 D
2 93 E
2 56 A
2 78 B
2 8 C
1 45 53
2 90 A
2 82 C
1 85 42
1 65 48
1 79 69
1 91 66
2 15 B
1 9 36
1 26 37
1 61 12
2 22 A
1 40 68
1 19 3
1 35 69
2 44 E
1 95 53
2 44 D
1 22 73
2 48 E
2 85 C
2 49 B
1 37 11
2 18 D
1 88 84
2 20 B
1 7 10
2 94 A
2 20 A
2 92 B
2 79 C
2 90 C
2 10 A
2 69 B
1 9 87
2 33 E
1 80 26
2 84 B
2 85 C
1 16 53
1 16 66
1 43 72
2 8 B
2 25 E
2 23 D
2 83 B
2 40 C
1 81 6
2 60 A
2 8 B
1 82 75
2 51 A
1 11 10
1 58 79
1 74 58
1 97 89
2 22 A
1 46 66
2 18 E
2 50 A
1 21 36
1 79 83
1 3 20
1 57 22
2 29 C
1 17 37
82
1 33 47
2 49 B
2 66 C
2 1 A
2 65 E
1 15 15
1 13 36
2 95 B
2 80 A
1 97 76
1 53 63
2 20 A
2 81 D
1 88 13
2 67 B
1 59 36
2 48 B
1 20 42
2 48 D
1 56 21
2 2 C
2 34 D
1 24 99
2 34 B
2 98 C
2 81 C
1 4 3
2 48 C
2 32 D
1 42 28
1 65 17
2 7 A
2 86 A
1 8 92
2 41 B
1 98 75
2 72 E
2 77 C
1 78 92
1 46 78
1 68 95
1 6 1
1 40 88
2 84 C
2 30 A
1 91 58
2 46 D
1 51 74
1 79 22
2 43 A
2 1 A
2 59 C
2 17 C
2 43 B
2 89 B
1 82 17
1 62 79
1 76 26
1 88 12
1 29 8
1 69 58
1 14 54
1 7 3
2 3 D
2 46 B
2 3 D
1 94 79
1 8 52
2 72 E
2 70 D
1 20 35
1 62 38
2 96 C
1 45 87
2 99 B
1 87 2
2 88 C
1 95 45
1 97 81
2 94 E
2 81 A
2 85 E
77
2 28 B
1 7 69
1 53 22
1 42 8
1 98 53
1 32 68
2 88 C
2 17 C
2 73 D
2 61 C
2 5 B
2 64 B
2 49 E
2 34 B
1 8 42
2 7 A
1 1 78
1 28 19
2 42 A
2 22 D
1 79 79
1 14 24
1 45 35
1 58 7
1 11 42
2 26 A
2 33 B
2 69 A
2 24 A
2 95 D
1 30 3
2 75 D
1 25 3
1 40 31
1 75 25
2 88 B
1 21 49
2 69 C
2 18 B
1 21 76
2 73 E
2 1 D
1 30 99
1 39 11
1 38 46
2 8 C
1 94 43
1 98 80
1 79 63
2 38 E
2 66 D
2 12 A
2 52 A
2 39 D
2 23 E
1 65 9
1 31 44
1 49 92
2 58 C
1 3 77
1 13 100
1 31 56
2 30 C
1 14 91
2 61 E
1 80 45
1 91 43
1 58 20
1 13 22
1 16 51
2 94 B
1 78 32
2 14 B
2 84 C
1 6 96
2 11 D
1 70 23
84
2 41 B
2 100 D
2 69 E
1 57 57
1 93 5
2 39 A
2 51 E
1 59 90
1 47 74
2 20 A
2 53 E
1 5 36
1 45 17
1 79 30
2 78 B
2 71 A
2 20 C
2 99 C
2 23 D
1 65 11
2 74 C
2 64 C
2 62 B
1 19 14
1 22 73
2 63 B
1 14 3
2 95 E
1 63 66
1 6 32
2 23 C
2 18 E
1 32 50
1 17 96
1 22 66
1 100 72
1 35 53
1 78 45
1 36 86
1 59 89
1 56 60
1 51 54
2 10 B
2 89 C
2 35 A
2 62 C
1 96 65
1 35 21
1 100 6
2 76 A
1 55 24
2 25 D
1 75 71
2 67 A
2 91 C
2 96 C
2 63 C
2 18 E
1 81 82
1 52 68
2 36 E
1 41 63
2 56 D
2 58 A
2 32 C
1 13 3
1 75 58
2 95 C
1 68 67
1 79 16
2 39 C
1 19 41
2 75 B
1 28 3
1 29 24
2 79 B
2 59 D
2 90 B
1 47 66
2 26 A
1 61 42
2 49 E
2 94 E
2 26 D
76
1 51 57
1 1 87
2 35 E
2 49 B
2 2 D
2 86 A
2 74 C
2 27 D
2 5 A
1 44 77
1 82 82
1 81 44
2 75 A
1 93 84
1 71 94
1 68 44
1 9 40
2 55 C
1 1 33
1 23 36
1 48 85
2 98 B
2 7 D
2 21 D
1 100 56
1 58 74
1 38 37
1 47 61
1 34 77
1 46 40
2 93 E
1 73 73
2 30 B
2 13 E
2 13 E
1 82 51
1 36 59
1 20 54
1 77 20
2 94 B
1 16 34
2 24 B
1 73 43
2 94 D
1 27 29
1 40 90
2 36 B
2 66 C
2 60 E
1 54 68
1 90 64
2 27 E
1 24 95
2 86 C
2 13 B
1 50 52
1 94 6
1 59 35
1 11 6
1 46 60
2 23 B
1 10 91
1 13 91
1 56 73
1 92 84
1 16 85
1 42 41
2 39 E
2 32 D
2 20 C
1 82 63
2 47 E
2 32 C
1 56 81
1 97 93
1 49 100
20
2 21 A
1 93 44
2 52 D
2 64 B
2 98 C
1 20 50
2 10 A
1 51 70
1 22 95
2 47 B
2 38 C
1 8 95
2 65 B
1 70 48
2 16 A
1 57 29
1 40 8
1 8 98
2 87 A
1 23 36
75
2 4 B
2 60 C
1 18 10
1 84 58
1 6 82
1 83 37
1 17 43
2 38 C
1 37 74
1 74 37
2 53 D
2 13 A
1 57 38
1 85 60
1 10 55
2 71 D
2 4 D
1 100 14
2 40 A
1 45 39
1 14 26
1 10 97
1 27 35
2 46 B
1 79 49
1 83 22
2 63 D
2 11 C
2 36 B
2 11 C
2 28 E
1 6 30
1 50 44
2 63 A
1 79 80
2 3 E
1 34 75
2 58 A
1 73 3
1 54 11
2 34 B
2 57 B
1 22 61
1 75 34
2 79 C
1 79 72
1 21 59
1 95 45
2 13 A
1 21 42
2 74 C
1 32 100
2 71 A
1 72 85
1 8 85
2 22 E
1 34 60
2 83 C
2 56 B
1 27 95
1 7 41
1 70 48
1 66 42
1 29 53
1 83 99
2 43 E
1 99 10
1 35 79
2 43 A
2 89 D
2 15 D
2 53 B
2 100 A
2 91 D
1 85 88
6
1 18 75
1 32 100
2 92 B
2 45 D
1 65 29
1 51 66
74
2 64 A
1 64 88
1 50 91
1 56 97
1 75 91
1 32 73
2 72 C
2 36 A
1 76 20
1 25 74
2 70 C
1 50 73
1 99 99
2 11 A
1 35 11
1 99 21
1 4 84
1 2 12
2 18 A
2 75 D
1 38 76
1 82 84
1 63 49
2 29 C
1 42 44
1 66 73
1 30 8
2 90 D
1 76 42
1 62 37
1 94 73
2 45 B
1 38 77
1 5 44
1 13 10
2 74 D
1 27 35
2 27 D
2 62 D
1 47 17
1 29 1
1 24 83
2 24 D
2 22 A
1 10 5
1 26 30
2 54 B
2 69 C
2 100 D
2 12 D
1 66 63
1 63 17
2 92 C
2 38 B
2 82 A
2 88 C
1 37 76
1 59 42
1 64 26
1 10 38
1 48 21
1 89 61
1 81 93
2 89 E
1 6 26
2 88 B
1 80 20
2 41 A
1 72 53
2 59 C
2 36 C
2 14 D
1 80 42
1 30 34
11
2 25 A
1 40 4
1 16 99
1 100 71
2 68 E
2 23 D
1 5 5
2 43 C
1 25 59
1 14 76
2 53 D
73
1 49 16
2 63 C
1 45 34
2 9 A
2 73 A
2 53 E
1 30 40
2 56 A
1 90 90
1 32 99
1 92 31
2 99 A
1 21 9
2 88 D
2 93 A
2 61 C
2 76 D
1 16 93
1 62 16
1 12 56
2 59 A
1 40 34
2 57 E
2 9 E
1 39 90
2 94 A
2 64 B
1 78 32
2 17 E
2 33 A
2 57 C
2 71 A
2 12 A
2 92 C
1 54 25
1 6 68
2 35 D
1 79 82
1 2 16
1 63 25
2 33 D
1 18 85
2 19 C
1 54 67
2 34 C
2 91 A
1 93 47
2 58 B
2 25 D
2 21 B
2 39 C
1 75 33
2 63 C
2 8 D
1 46 19
2 7 D
2 67 A
1 83 36
1 59 7
1 2 98
2 31 C
1 80 85
2 5 D
2 98 E
1 26 84
2 83 D
1 10 10
1 60 7
1 66 60
1 70 23
2 45 B
1 65 43
2 21 E
70
1 22 87
2 64 D
1 1 21
2 84 B
1 75 14
1 85 58
2 64 C
2 90 C
1 31 2
1 4 28
2 76 A
2 92 E
2 74 C
2 39 A
2 84 A
2 77 D
1 12 27
1 53 43
1 40 70
2 76 A
1 60 52
1 66 88
1 29 98
1 48 81
1 15 62
2 69 D
1 71 58
2 95 D
1 83 8
2 21 E
2 90 C
1 80 15
2 81 B
1 6 75
2 36 E
1 81 59
2 16 B
1 22 65
1 42 15
1 71 79
2 50 D
2 96 A
1 100 76
2 21 C
2 38 A
1 71 39
2 66 A
2 98 D
1 87 82
2 51 D
2 9 D
2 78 C
2 88 E
2 72 E
2 6 C
1 47 66
2 17 B
1 15 82
1 53 92
1 72 59
1 66 6
2 69 E
2 89 C
1 27 41
1 74 59
1 26 23
1 14 91
2 86 A
2 73 B
2 74 D
72
1 43 56
2 26 C
1 25 26
1 82 50
2 41 B
1 48 7
1 10 9
1 49 94
1 36 44
2 52 A
1 76 14
1 73 1
2 74 C
2 88 D
1 78 96
1 25 86
1 97 30
1 76 42
2 68 C
2 100 D
2 64 E
1 75 53
2 96 E
2 19 B
2 64 E
2 2 C
2 89 E
1 93 14
2 91 C
1 43 16
1 64 90
2 38 C
2 42 C
2 100 C
1 40 88
1 3 66
2 85 C
1 48 63
2 40 E
1 21 62
2 39 E
2 3 A
2 39 D
2 96 D
2 82 C
2 18 C
1 56 73
1 69 82
2 47 D
1 61 46
2 70 E
1 78 85
2 61 D
2 31 B
1 21 99
1 46 87
2 8 C
2 98 B
1 54 23
1 53 96
2 12 B
2 68 B
1 100 47
2 33 C
1 84 3
1 65 32
2 55 E
1 93 76
1 93 46
1 39 97
1 42 31
2 57 A
60
1 96 19
2 81 C
2 37 E
1 71 51
2 54 A
2 90 C
1 83 17
1 69 26
1 51 14
2 62 B
2 90 C
1 68 8
2 26 E
2 59 A
1 14 39
2 43 B
1 29 66
1 38 73
1 37 59
1 37 66
1 16 67
1 70 13
2 44 A
1 82 13
1 65 63
1 34 73
1 76 20
2 63 A
2 70 E
1 33 57
1 92 43
1 73 33
1 12 58
2 9 B
1 68 37
2 54 A
1 51 34
1 11 79
1 33 83
2 41 D
2 42 B
2 89 C
2 70 E
2 88 D
2 41 C
2 80 E
1 12 31
2 100 E
2 81 E
2 62 C
2 89 C
2 69 D
1 51 72
1 99 56
2 54 C
1 90 59
2 95 D
1 12 51
2 33 C
1 94 53
71
1 14 76
1 57 75
1 76 33
1 69 13
1 58 57
1 64 66
2 56 B
2 85 D
2 58 E
1 5 6
1 93 6
2 4 D
1 66 30
1 43 81
1 43 15
1 29 47
1 88 76
2 91 D
1 4 47
1 89 62
2 79 E
1 17 35
1 39 4
2 9 D
1 19 17
1 56 61
1 9 88
2 65 B
2 13 A
1 74 35
2 94 D
1 3 71
1 81 28
1 18 17
1 79 70
1 16 77
2 2 E
1 96 69
1 50 54
2 43 C
1 9 34
2 35 D
1 57 38
2 32 A
1 73 89
1 58 14
1 11 93
1 99 32
1 46 28
2 13 E
2 35 A
1 18 59
2 75 C
2 57 C
2 91 D
1 67 20
2 84 C
1 89 64
1 5 67
2 81 B
2 40 D
1 43 63
1 71 82
1 9 41
2 28 E
1 3 3
1 20 30
1 44 53
2 45 B
2 1 C
1 9 37
14
2 7 B
2 52 C
2 87 B
2 12 E
1 50 62
1 66 54
1 61 90
1 70 21
2 45 B
1 22 49
2 86 A
1 70 36
1 44 57
2 5 A
70
2 7 D
2 98 B
2 67 C
1 95 65
1 70 14
1 15 6
2 100 D
1 85 8
1 97 21
2 17 E
1 8 92
2 94 C
1 62 52
1 2 72
2 41 E
2 86 E
1 30 36
1 62 35
1 91 3
1 70 22
1 16 99
2 80 C
2 79 B
1 91 83
1 40 56
2 37 D
1 64 20
1 74 81
1 96 49
2 25 C
2 60 C
1 95 55
1 42 95
2 46 C
1 73 86
1 12 13
2 85 B
2 56 C
1 22 74
1 88 90
1 49 8
1 37 98
1 76 55
1 4 12
1 89 8
2 62 B
2 89 E
1 46 12
1 12 93
2 53 E
2 62 E
1 69 66
1 60 100
1 69 69
2 91 C
2 15 A
1 61 15
2 16 C
2 87 A
1 72 90
1 2 83
2 68 C
1 61 25
2 90 C
1 36 98
1 28 73
2 7 C
2 38 B
1 56 71
1 63 47
47
1 62 18
2 18 A
1 44 49
1 17 24
2 14 A
2 27 B
1 80 94
1 11 32
2 34 D
1 41 68
2 77 B
1 29 68
1 69 30
1 83 5
2 63 E
2 8 C
2 88 E
2 26 D
1 62 25
1 9 35
1 57 30
2 29 B
1 65 48
2 61 C
1 93 92
2 39 C
1 68 64
2 75 C
1 69 3
1 92 96
2 15 E
2 57 D
2 40 D
2 54 E
1 44 65
2 34 C
2 27 A
2 20 E
1 70 11
2 86 E
1 70 30
1 98 55
2 46 B
2 6 A
2 1 C
1 91 78
1 67 95
69
1 78 18
1 29 12
2 100 A
1 37 92
1 21 6
2 76 C
2 30 A
2 26 A
1 28 79
1 26 12
2 54 E
2 99 D
1 26 76
1 59 83
1 55 49
1 61 79
2 94 A
1 10 59
2 56 B
2 100 E
1 49 45
2 34 D
2 47 B
1 3 35
2 10 D
2 18 E
1 29 37
2 30 C
1 64 77
1 1 76
2 15 D
2 80 D
1 51 59
1 85 46
1 85 29
2 48 A
2 6 A
1 85 6
2 5 D
1 85 6
2 60 B
1 4 35
2 42 D
1 25 48
2 100 A
1 91 96
2 42 E
2 55 E
2 74 D
1 5 88
2 45 B
1 11 77
1 67 86
1 59 48
1 71 2
1 99 53
2 88 D
1 75 5
1 5 40
2 32 E
1 46 37
1 61 77
1 30 78
1 97 50
2 88 D
2 18 D
1 12 56
2 82 C
1 22 97
84
1 95 21
1 7 6
2 21 A
1 89 89
2 95 A
1 39 1
1 92 12
2 20 D
2 15 E
2 99 A
2 9 B
1 27 88
1 5 26
1 13 57
1 45 19
1 63 55
1 50 9
2 81 B
1 55 86
1 1 12
1 68 81
1 68 4
1 70 5
2 35 A
2 7 D
2 84 B
2 57 C
2 31 D
1 14 72
1 91 46
1 73 7
2 23 C
1 20 1
1 98 26
2 51 A
2 58 D
1 6 2
1 31 95
2 18 C
1 79 79
1 27 18
1 77 65
1 23 42
2 100 B
2 22 A
2 22 C
1 64 38
1 25 84
2 67 D
2 49 A
1 51 79
1 53 18
1 61 79
2 46 D
1 64 96
1 100 33
2 51 A
2 24 A
2 40 C
2 38 A
2 76 B
2 73 E
2 83 A
1 27 55
2 3 D
2 79 C
1 23 37
2 32 D
1 11 48
2 85 B
2 66 C
1 21 9
1 8 35
1 39 21
2 58 C
2 35 A
1 23 81
1 47 8
1 84 18
2 72 B
1 36 24
2 85 E
1 18 76
1 66 37
68
2 80 E
2 78 E
1 12 42
2 53 A
2 75 B
1 15 97
1 77 26
1 79 24
1 3 59
2 23 A
2 41 B
2 56 B
1 26 96
1 27 55
1 26 41
1 89 87
1 59 31
1 80 22
2 56 B
1 94 97
2 55 C
1 22 59
1 22 12
2 53 A
1 29 96
2 64 C
2 63 B
1 33 79
2 11 A
2 27 D
1 60 8
2 6 D
1 26 14
1 51 86
1 90 62
2 72 C
2 70 D
2 80 A
1 42 4
1 11 70
2 50 E
2 45 E
1 47 3
1 82 2
1 53 31
1 45 4
2 45 D
2 87 E
1 69 39
1 13 83
2 84 C
2 74 A
2 83 B
1 30 48
2 87 E
2 80 D
2 64 D
1 100 53
2 38 E
1 54 34
2 66 C
1 47 72
1 40 55
2 83 A
1 2 91
2 34 E
1 18 5
1 58 89
32
1 12 51
1 40 99
2 23 B
2 62 C
1 55 88
1 41 98
1 95 85
1 40 1
2 3 B
2 65 A
2 50 D
2 97 E
1 79 60
2 47 E
2 83 E
1 36 7
2 45 E
2 27 B
2 61 D
1 51 57
2 25 B
2 26 E
2 92 A
1 58 70
2 62 C
2 58 C
2 15 B
1 38 65
1 62 43
2 87 E
1 22 85
2 68 D
67
2 79 C
2 99 C
1 4 91
1 59 36
1 17 92
2 99 B
1 28 54
1 92 53
1 10 98
1 34 54
1 48 21
2 100 E
2 89 B
2 46 C
1 31 90
1 13 52
2 63 C
1 4 13
1 80 56
1 33 14
1 22 87
1 67 72
1 46 36
2 95 C
2 83 B
2 73 C
2 66 E
2 72 E
1 41 92
2 5 E
2 25 D
1 70 77
2 18 A
2 28 D
1 51 59
1 2 27
1 90 63
2 74 D
2 9 A
2 100 C
2 87 D
1 8 2
2 6 D
2 58 C
1 60 56
2 96 C
2 93 E
2 73 D
2 5 E
2 92 B
2 24 E
2 8 B
2 78 E
2 26 A
1 4 52
1 25 50
1 73 49
2 47 C
1 100 13
1 93 60
2 30 C
2 86 B
1 64 34
2 46 B
2 65 C
1 92 62
1 83 50
4
1 26 53
1 25 62
1 100 10
1 93 80
66
1 76 15
2 86 C
2 21 C
1 68 17
2 45 E
2 76 A
2 48 E
1 37 12
2 70 C
1 83 26
1 68 26
2 49 D
1 89 92
1 57 96
1 29 52
1 79 63
1 84 83
2 42 A
1 12 35
2 67 A
2 66 A
1 93 5
1 15 42
1 39 23
1 12 12
2 28 E
2 86 D
1 73 66
2 87 C
2 66 E
1 83 95
1 58 96
2 41 C
2 23 B
2 8 D
2 69 D
2 48 D
1 64 30
1 31 26
1 91 55
2 67 C
1 48 77
2 28 C
1 58 83
1 54 59
1 66 2
2 98 C
1 52 50
2 80 A
1 21 64
2 91 A
1 38 2
1 80 5
2 25 D
1 45 75
2 60 A
1 8 79
2 6 D
1 2 98
2 83 B
1 66 39
1 34 3
2 79 E
2 45 E
1 14 76
1 98 96
95
1 41 72
2 73 D
2 9 B
1 80 48
1 28 66
2 46 E
2 22 C
1 8 40
2 36 D
2 47 B
2 28 A
2 60 B
2 83 C
1 33 70
2 9 D
1 24 10
1 87 53
2 43 D
1 7 62
1 36 98
2 13 B
2 86 A
2 94 C
2 22 C
2 25 B
2 51 E
2 100 B
2 34 A
1 40 67
2 17 E
2 6 A
2 76 C
2 87 E
1 87 66
1 27 87
1 100 63
1 1 78
2 91 A
2 19 B
2 79 C
1 58 45
2 81 B
2 8 E
1 37 24
1 9 44
1 34 19
1 20 65
2 75 A
2 51 E
1 80 77
1 15 78
2 45 C
2 58 C
2 78 A
1 39 42
1 99 18
2 9 E
1 31 90
1 2 72
1 60 15
2 37 E
2 24 A
1 2 65
1 11 57
1 67 31
1 5 55
2 99 B
2 46 D
2 67 A
1 24 12
1 1 16
2 87 B
2 89 E
2 4 D
1 49 28
1 53 93
2 42 E
1 92 93
2 21 C
2 48 C
2 86 C
2 49 E
1 94 84
2 16 E
1 52 18
2 13 A
2 13 C
1 8 5
2 42 A
1 76 92
2 60 D
1 25 30
2 81 E
2 15 D
1 79 15
65
1 60 73
2 51 B
1 15 17
1 6 40
1 85 85
2 27 D
1 31 13
2 29 A
2 56 B
1 85 19
2 10 A
1 2 66
1 46 36
2 24 B
1 7 71
2 2 A
2 39 C
1 76 53
2 90 D
2 7 D
1 25 87
1 52 95
2 11 C
2 4 B
2 90 A
1 43 32
2 16 B
2 94 A
2 22 D
2 85 B
2 100 C
1 62 18
2 56 D
2 73 E
1 45 74
1 63 47
1 33 82
1 25 7
2 94 A
2 50 C
1 77 41
1 62 42
2 98 B
1 55 7
1 97 4
1 73 77
1 35 94
2 98 D
2 77 B
2 1 C
2 15 A
2 54 E
1 96 39
2 26 C
1 12 32
1 53 21
1 89 67
1 97 27
2 86 E
2 28 D
2 27 C
2 41 B
1 13 58
1 69 39
2 26 B
22
2 87 D
1 99 24
1 10 35
2 7 B
1 81 2
1 27 67
2 63 A
1 67 68
2 43 A
2 98 C
1 52 1
1 42 26
2 100 C
1 94 97
1 62 39
2 26 B
2 32 B
1 45 76
2 60 C
2 43 B
1 26 66
2 63 C
64
1 44 26
2 81 B
2 20 E
2 53 C
1 85 66
1 24 41
1 97 28
2 98 C
1 10 24
1 70 74
2 33 D
2 39 B
2 71 C
1 56 20
2 86 D
2 64 E
2 62 D
1 16 37
2 73 A
2 57 A
1 59 90
1 77 39
2 51 E
1 35 92
2 75 A
1 20 17
1 38 95
2 21 E
1 34 97
1 38 75
1 24 86
1 53 45
2 4 C
1 38 3
2 70 D
2 30 C
2 49 D
2 32 E
1 47 63
2 62 E
2 8 E
1 63 77
1 62 30
2 56 E
2 92 B
1 75 47
1 26 47
2 97 E
1 17 6
2 94 C
1 1 60
2 51 D
1 46 93
2 25 A
1 47 50
2 41 D
2 51 A
1 78 29
2 96 D
1 60 25
2 73 B
2 80 E
2 4 C
1 38 57
7
1 3 100
1 68 85
1 70 100
2 15 B
2 84 B
2 33 B
1 61 73
63
1 73 53
1 100 81
2 11 A
1 79 30
2 24 B
1 27 75
2 32 C
2 16 C
2 6 B
1 17 88
1 69 13
2 59 E
2 21 D
2 96 A
2 81 B
2 28 D
1 19 71
2 87 A
2 7 B
2 59 B
1 25 94
1 22 5
1 39 67
2 6 E
1 40 81
1 71 48
2 70 A
1 53 47
2 9 C
1 96 4
1 78 31
2 100 C
1 93 41
1 3 10
1 8 87
1 74 25
2 69 E
1 51 92
2 90 E
1 41 57
1 74 43
2 32 B
1 28 94
1 29 28
1 95 19
2 49 B
1 58 3
1 8 16
1 2 4
2 96 E
1 85 15
1 3 18
2 29 B
1 82 23
2 50 C
1 46 35
1 95 44
1 59 34
1 81 32
1 61 19
1 90 74
2 64 C
2 82 B
91
1 21 83
2 96 D
2 5 D
2 10 E
1 23 36
2 14 E
2 22 A
1 70 4
1 93 26
2 15 D
1 17 28
1 24 2
1 57 33
1 94 40
1 7 61
1 51 23
1 78 7
1 72 13
2 92 D
2 20 D
2 72 A
2 2 B
2 19 D
1 18 47
1 71 32
1 52 71
1 60 95
2 35 A
1 65 26
2 58 A
1 29 7
2 25 A
1 85 71
1 87 82
2 23 A
2 80 D
2 38 A
2 79 E
2 57 E
2 89 E
1 77 10
1 30 76
2 86 D
1 18 100
2 7 C
1 5 55
2 11 E
1 51 41
1 18 40
2 87 E
1 84 53
1 69 96
1 49 56
2 57 C
2 28 A
2 85 E
2 69 A
1 54 35
1 58 79
1 87 12
1 5 80
2 23 D
2 74 A
2 84 A
2 94 A
1 33 26
1 83 100
2 57 D
2 21 B
1 39 96
1 43 55
1 49 95
1 49 48
1 25 43
2 3 C
1 85 100
2 3 E
1 33 57
2 44 A
2 10 A
2 82 E
2 14 E
1 51 76
2 100 E
1 91 11
1 71 9
2 35 E
1 9 66
1 67 79
2 13 C
2 29 E
62
1 96 59
2 4 B
1 16 38
2 91 C
1 66 28
1 41 44
2 42 D
1 74 22
1 57 16
2 31 A
2 69 B
1 1 42
2 35 B
1 67 97
2 26 E
1 86 55
1 65 61
2 78 D
1 93 74
2 31 A
1 22 51
1 12 16
2 36 D
1 76 16
2 78 A
2 45 C
2 3 E
1 72 91
2 27 E
2 51 C
1 82 95
1 73 94
2 29 D
2 96 E
1 21 8
1 64 33
1 68 26
2 8 B
1 74 95
1 80 33
1 27 59
1 38 39
2 85 C
1 9 89
2 71 D
2 20 B
1 44 57
1 13 50
2 90 C
1 38 66
2 38 B
2 79 C
1 81 63
1 35 39
2 89 D
1 48 60
1 99 18
2 62 C
1 89 45
1 86 44
1 23 67
2 39 C
82
2 71 C
1 57 25
2 71 A
1 86 62
1 84 57
2 28 D
2 82 D
2 69 D
2 81 D
2 89 D
2 20 D
1 42 50
1 75 46
1 99 55
1 19 83
2 32 C
2 24 A
2 31 C
2 24 E
1 2 14
1 77 32
2 22 A
2 44 A
1 31 97
2 52 A
2 97 C
2 41 C
2 45 C
2 72 C
1 17 2
1 59 99
2 88 C
1 67 96
2 91 C
1 87 77
2 8 D
1 40 46
2 88 C
2 53 C
1 85 11
2 97 C
2 44 D
2 34 B
2 12 E
2 79 A
1 1 68
1 34 18
1 69 34
2 15 B
2 71 C
1 26 35
2 68 D
2 71 C
2 66 A
1 1 37
1 36 11
1 2 48
1 86 10
1 71 63
2 95 C
1 65 79
2 81 A
2 50 B
2 14 E
1 91 30
1 86 77
1 13 19
2 56 A
1 67 49
1 34 45
2 30 D
2 69 C
2 59 D
1 96 47
1 47 56
1 59 97
1 39 3
2 5 D
2 63 B
2 93 C
2 59 E
1 76 59
61
2 90 B
2 87 D
1 93 93
2 63 A
1 75 92
1 58 67
1 70 4
2 23 E
2 48 A
2 32 D
2 75 A
1 56 63
1 32 72
1 99 69
1 60 13
1 68 4
1 80 13
1 73 8
2 84 C
2 4 C
2 99 D
1 26 89
2 87 E
1 41 39
1 59 54
2 34 D
2 20 A
2 77 E
1 67 70
1 33 30
2 90 D
2 57 D
2 55 C
1 64 96
1 89 51
2 77 C
2 1 C
2 65 C
1 49 81
2 40 E
2 30 D
2 18 B
2 6 A
1 87 92
1 64 99
1 22 60
2 96 D
1 32 77
1 5 25
2 84 E
2 33 C
2 93 E
1 48 50
2 20 B
1 13 40
1 45 87
1 15 21
1 68 9
2 74 A
2 37 D
2 37 B
64
1 2 50
1 57 23
1 46 35
2 88 C
1 81 85
2 93 D
1 21 90
2 84 B
2 84 A
1 24 25
2 93 B
2 95 E
1 15 55
1 12 95
1 60 77
1 31 20
1 90 68
1 81 38
1 39 7
1 78 51
1 51 84
1 36 54
2 67 A
2 32 A
1 38 39
2 39 E
2 90 C
1 82 84
2 36 D
2 45 A
1 22 29
2 59 B
1 49 88
1 74 34
2 29 E
2 66 C
2 80 E
1 9 38
1 71 20
1 85 49
2 9 E
1 53 64
2 44 C
1 85 10
2 93 B
2 41 E
2 30 B
2 42 E
2 100 D
1 79 14
2 29 D
1 77 54
2 100 C
2 91 E
1 40 67
1 43 28
1 45 3
2 80 B
1 100 43
2 8 B
2 72 D
2 67 A
1 66 82
2 72 D
60
1 100 80
2 11 D
1 30 43
2 49 E
1 62 18
2 52 B
1 37 86
1 61 87
1 3 38
1 67 82
1 83 75
1 77 41
1 28 2
2 46 D
1 73 77
2 75 D
2 78 A
2 13 E
1 73 14
1 84 67
2 36 B
2 48 B
1 49 52
2 41 B
1 41 90
2 50 C
1 33 28
2 96 C
2 28 D
2 14 D
1 51 40
2 65 A
1 70 92
2 12 E
2 19 E
1 6 85
1 90 5
1 70 86
1 27 80
1 51 15
1 3 38
2 44 B
1 48 55
2 26 D
2 16 C
1 64 74
1 67 39
2 39 E
1 27 53
2 67 B
1 22 71
2 78 D
2 22 C
1 100 69
1 53 52
2 50 A
2 38 B
1 19 8
1 20 35
1 56 58
27
1 86 22
1 86 39
1 1 33
1 9 67
2 82 C
2 60 A
2 91 C
1 68 81
1 56 96
1 78 78
1 37 28
1 43 58
1 97 30
2 93 B
1 21 13
1 69 34
2 50 D
2 22 A
1 63 35
2 15 B
1 71 51
2 20 B
2 53 B
2 75 B
1 12 67
2 42 B
1 77 92
59
2 50 E
2 38 E
1 15 33
1 26 100
2 9 A
1 97 90
2 50 C
1 3 32
1 48 83
1 62 87
1 40 90
1 88 30
1 1 5
2 56 B
2 61 C
1 6 82
2 40 D
2 15 B
2 2 C
2 82 E
2 12 D
1 32 25
2 28 E
1 13 66
1 49 47
2 6 B
1 41 23
1 39 15
2 94 C
1 72 62
1 77 54
2 45 B
1 41 5
2 3 B
1 77 47
1 55 82
2 8 B
1 23 79
1 7 14
1 99 90
1 79 81
2 22 B
1 89 94
2 46 C
1 36 83
2 24 B
2 47 D
1 79 92
1 67 34
2 17 D
2 58 E
1 74 22
1 62 26
2 63 E
2 43 D
2 29 C
2 58 A
1 46 33
2 68 B
3
2 23 D
1 76 93
1 89 78
58
1 27 73
1 78 8
1 9 61
2 82 A
1 78 51
2 7 D
2 35 B
1 40 25
2 97 C
2 58 C
1 51 99
2 23 D
1 73 23
2 36 B
2 11 D
2 9 B
1 30 15
2 23 A
2 87 B
2 20 C
1 87 76
2 68 D
1 74 4
1 42 14
2 16 D
1 37 4
1 72 7
1 57 67
1 2 96
2 24 A
2 86 E
1 10 30
2 6 B
1 28 10
2 74 E
1 9 54
2 85 E
1 11 92
1 8 70
1 55 92
1 27 39
2 17 E
2 43 D
1 55 21
1 62 50
2 51 B
1 24 49
1 93 78
1 28 25
1 2 88
1 89 66
2 12 E
2 24 E
2 85 C
1 46 66
2 99 C
2 88 B
2 8 A
98
1 90 98
2 84 B
1 75 55
1 71 56
1 1 97
2 8 D
2 19 B
1 61 100
1 30 70
2 35 A
1 98 28
1 32 7
2 46 A
1 60 69
2 9 B
2 87 D
1 54 96
1 60 36
1 70 100
2 13 C
2 89 B
2 84 D
2 11 B
2 56 D
1 100 94
1 44 58
2 97 C
2 80 B
1 93 32
2 55 A
2 84 E
2 4 E
2 64 B
1 69 78
1 2 33
2 41 C
1 7 23
2 77 C
2 81 C
2 40 D
1 97 8
2 51 E
1 64 69
1 80 15
1 62 29
2 29 A
2 13 D
2 63 C
1 22 46
1 68 7
1 22 89
2 77 A
1 7 95
2 54 C
1 30 66
2 7 D
1 39 37
2 81 E
1 80 81
2 42 B
1 72 57
1 99 91
1 77 87
2 27 A
1 74 36
2 49 C
2 62 D
2 46 A
2 59 A
2 29 C
2 22 D
2 28 B
2 22 D
1 16 40
1 46 52
2 22 A
1 23 70
2 26 B
2 51 B
1 47 96
2 40 D
1 47 79
2 40 D
2 89 D
2 95 B
1 58 21
1 80 50
1 7 19
1 47 67
1 76 1
2 13 E
2 6 D
2 57 E
2 36 C
2 43 E
1 22 59
2 52 D
2 1 E
57
2 32 C
1 59 12
2 14 C
2 84 A
2 96 E
2 7 E
2 40 C
2 18 C
1 2 67
1 97 2
1 100 49
1 9 61
1 95 100
2 79 A
1 95 5
1 78 52
1 43 94
1 97 55
1 11 30
1 97 29
1 31 66
1 26 39
1 69 92
2 45 C
2 54 C
2 39 D
1 65 82
1 90 87
1 59 46
1 97 59
2 41 A
1 49 82
1 78 11
2 67 B
1 60 67
2 22 B
2 25 C
1 64 35
2 72 E
1 31 36
2 54 E
1 66 38
1 26 39
1 60 5
2 94 D
2 31 E
2 89 A
1 21 53
1 43 93
2 67 A
1 8 40
2 35 B
2 29 E
1 67 9
1 33 5
1 11 74
2 50 E
57
1 61 2
2 58 A
2 89 B
1 47 19
2 82 A
1 52 48
1 84 59
2 80 A
2 22 B
2 38 D
2 20 A
1 8 56
1 10 6
1 70 24
1 19 7
2 100 B
2 62 E
1 79 87
1 7 67
2 23 C
2 77 C
2 86 C
1 42 76
2 38 B
1 4 76
1 59 93
2 96 A
2 38 E
1 44 61
2 85 E
2 58 E
1 45 71
1 44 24
2 29 D
2 93 E
2 57 C
2 32 A
2 19 A
2 75 B
2 22 E
2 55 B
2 97 E
1 44 30
2 2 A
1 15 20
2 81 B
2 43 B
2 6 E
1 86 60
2 78 E
2 18 D
2 43 E
1 27 70
1 78 92
2 16 D
2 55 D
2 70 D
56
2 69 A
2 79 C
1 37 61
1 88 93
2 1 A
2 37 D
2 82 E
1 71 59
2 25 D
2 26 E
2 53 A
2 69 A
2 83 E
2 94 C
2 60 C
2 23 E
2 61 C
1 35 35
2 41 C
1 4 19
1 95 8
2 75 E
2 60 D
1 66 95
1 18 40
2 75 B
1 77 40
2 45 A
2 100 D
2 99 D
2 37 C
1 38 50
1 88 18
2 81 D
1 64 65
1 73 45
1 4 72
2 75 A
1 66 39
2 50 E
1 44 88
1 1 59
1 91 90
1 77 61
1 32 12
1 54 63
1 19 31
2 57 C
1 81 52
2 18 E
2 67 C
1 87 15
1 45 89
2 41 D
2 24 E
1 94 6
19
1 5 60
2 12 B
1 62 44
1 82 16
1 33 46
2 2 A
1 86 67
2 84 B
2 74 C
1 53 12
1 93 99
1 91 22
2 31 D
1 88 89
1 17 19
1 87 81
1 58 94
1 6 79
1 32 98
55
2 31 C
1 66 10
1 1 90
2 32 A
1 50 58
2 92 C
1 62 70
1 99 8
2 7 B
2 41 A
1 58 17
1 88 4
1 61 12
1 10 39
2 99 E
1 83 42
1 47 88
1 45 48
2 26 D
1 88 66
2 83 E
1 76 68
2 28 A
2 66 A
2 29 A
1 73 55
2 35 E
2 54 B
1 89 1
1 65 73
1 63 96
2 5 A
2 60 D
1 15 60
2 29 E
1 82 20
1 71 39
1 11 22
1 35 4
1 8 95
1 65 88
2 98 E
2 4 A
1 84 5
1 12 41
2 29 D
2 53 D
2 74 A
1 42 75
1 70 62
2 29 A
1 25 53
2 13 D
1 50 6
1 69 46
13
1 91 83
1 35 64
2 45 E
1 87 91
2 34 D
2 45 B
1 96 63
2 43 C
2 24 D
2 60 A
1 3 1
2 25 A
2 35 C
54
1 74 96
1 59 89
2 38 D
2 88 A
1 30 85
1 98 97
1 40 58
1 30 55
1 3 48
2 12 B
1 3 16
1 47 37
2 90 E
1 59 43
1 17 49
1 98 94
2 25 B
2 100 C
1 81 79
1 57 64
1 25 8
1 60 71
1 28 98
2 89 E
2 26 E
2 76 C
1 52 25
2 58 B
1 50 11
1 18 15
1 88 45
2 26 A
2 12 B
2 12 C
1 24 50
2 32 C
2 39 E
1 53 46
2 88 A
2 65 E
1 54 61
1 61 44
2 90 B
2 50 E
1 24 8
1 61 61
2 38 C
2 31 C
1 15 80
2 1 A
1 88 14
2 96 A
2 37 B
1 21 13
19
1 96 86
2 31 B
2 61 C
1 11 20
2 16 A
2 67 A
1 51 32
2 30 D
2 28 B
1 57 31
1 15 18
2 75 B
2 47 A
1 83 54
2 46 B
2 60 B
1 32 44
2 40 B
1 91 3
53
2 27 D
1 44 66
1 26 65
2 26 A
2 55 B
1 45 39
2 76 E
2 77 E
2 73 D
1 92 55
2 86 B
1 14 78
2 38 E
2 5 A
2 6 B
2 50 B
1 75 35
1 93 6
2 41 D
2 12 E
2 82 B
1 81 40
2 83 B
2 33 E
2 43 D
2 84 A
2 72 A
2 91 B
1 65 50
1 9 90
1 80 65
2 8 D
1 43 76
2 70 E
2 49 D
2 53 A
1 78 13
2 89 C
2 82 D
1 98 83
2 76 E
2 34 C
1 2 39
2 40 D
1 2 45
1 72 8
1 54 59
1 69 24
2 21 B
2 23 B
1 47 43
2 55 C
2 70 D
51
2 79 A
2 6 E
2 64 E
1 69 30
1 73 28
2 12 C
2 16 A
1 78 86
1 56 94
1 19 36
1 33 31
2 71 D
1 12 44
1 5 97
1 46 32
1 7 65
2 46 C
1 39 1
2 39 D
1 49 10
1 75 73
2 6 B
1 52 75
2 38 E
1 82 80
1 76 81
2 93 E
2 67 B
2 51 A
2 65 B
2 74 D
2 59 A
2 90 D
2 86 E
2 17 B
2 38 E
1 8 53
1 59 71
1 37 92
2 94 A
2 45 E
2 1 A
1 30 95
1 81 54
1 34 12
2 14 E
2 51 E
2 16 C
1 32 81
1 31 94
2 59 B
52
1 94 13
1 8 70
2 94 D
2 51 A
2 12 D
2 56 D
1 20 60
2 35 B
1 43 86
2 34 A
1 54 84
2 40 B
1 52 67
2 96 D
1 9 21
1 33 94
1 16 79
2 65 B
1 10 75
1 77 12
1 11 29
1 78 68
2 6 D
1 64 85
2 6 A
1 99 61
2 57 D
1 80 41
1 34 52
1 15 67
1 89 93
2 2 A
1 28 48
2 93 C
2 30 A
2 77 C
1 82 81
2 37 A
1 29 49
2 7 E
1 88 3
2 19 C
2 13 D
2 26 D
1 18 28
2 31 E
1 73 78
1 5 47
2 32 D
2 69 C
1 26 5
1 95 82
76
2 28 D
2 95 E
1 88 51
1 11 26
1 74 31
1 9 75
1 46 9
1 45 62
1 27 4
2 48 A
1 7 66
2 3 E
1 28 24
1 91 47
2 34 D
1 33 89
2 36 A
2 30 A
1 18 88
2 96 A
1 71 76
1 3 16
2 89 D
2 93 A
1 7 62
2 95 D
1 74 100
2 83 E
1 84 90
1 49 61
1 12 83
1 10 74
1 5 61
2 7 E
2 30 E
1 47 50
1 20 3
1 11 18
1 41 87
2 1 D
2 87 C
2 52 B
1 43 49
1 31 29
2 7 B
2 15 C
2 65 A
1 71 82
1 94 44
1 76 48
1 68 67
1 35 57
2 16 E
2 87 A
1 35 75
2 98 A
1 54 43
2 52 D
2 48 E
1 29 44
1 18 54
2 23 C
2 33 E
1 16 79
1 66 91
1 45 65
1 69 82
2 27 A
2 71 A
1 92 95
1 72 82
1 49 37
2 96 B
2 68 D
1 6 28
2 78 D
51
2 15 E
1 97 3
1 30 57
1 67 92
1 87 17
1 3 24
2 34 C
2 2 B
2 7 D
1 12 8
1 9 85
1 35 17
2 43 A
2 57 E
2 74 B
2 83 D
1 13 50
1 60 65
1 87 49
1 95 6
1 1 8
2 4 D
2 93 E
1 80 74
1 68 16
1 14 99
1 74 98
1 44 64
1 70 57
2 63 A
2 99 E
1 84 18
1 19 98
1 30 27
1 88 22
1 72 38
2 99 E
1 63 84
2 49 D
2 94 D
1 53 25
2 37 D
2 66 E
1 63 25
2 4 A
1 56 100
1 53 61
2 63 E
2 27 E
2 2 A
2 7 A
15
2 72 A
2 4 D
2 95 B
1 95 6
1 63 43
2 21 B
2 11 C
2 27 B
2 99 D
1 91 19
1 79 87
1 60 11
2 61 D
2 38 D
1 16 45
50
2 43 C
1 98 64
2 86 E
1 76 63
2 33 A
1 55 98
2 30 E
2 49 B
1 70 5
2 45 B
1 35 54
1 16 100
1 26 16
2 74 A
2 77 C
1 12 6
1 64 67
1 20 6
2 98 E
2 44 D
1 16 38
2 25 B
1 32 67
2 37 C
2 46 D
1 50 26
1 90 75
2 16 E
1 12 97
2 80 D
2 11 A
2 22 D
1 91 55
2 21 A
2 23 C
2 60 B
2 36 C
1 7 66
2 29 D
1 82 41
2 97 D
2 70 E
1 80 54
1 99 95
2 55 E
2 78 A
1 88 25
1 16 35
2 78 C
2 67 A
