18508
32834
34893
40836
51426
33850
40108
10452
14937
10263
46995
4055
12674
36137
39613
27173
26309
21781
51966
26929
52514
61655
22337
22852
35121
53191
65419
32896
18464
28307
15351
24032
30394
17982
41912
51251
22619
39720
46107
27941
32252
44038
30596
12342
40239
49383
35949
27075
18200
39470
35948
34297
32634
16283
54059
33766
45996
12099
42350
21609
37276
27797
47122
39229
16083
28500
38665
17396
61298
29344
27744
38136
23854
41967
42809
31368
40536
45581
33491
20417
23769
48161
28031
31636
27952
41127
20394
28617
50547
44152
13015
2052
54356
10688
18594
18621
47131
20228
20927
32327
21925
36386
25849
48075
53101
17232
38453
47691
23680
17436
32110
38817
32648
20076
40376
30079
40387
55166
44094
30830
30217
47847
14149
42703
30667
18836
44327
42974
31248
47308
50011
25260
53879
28973
15720
32033
52281
15787
5110
47872
32549
23190
31678
15587
34467
58514
52374
40764
6323
42910
51305
31060
31980
19983
16953
48205
25471
28562
42275
29216
39986
32815
23388
23713
44391
40770
38189
29815
51987
18049
28668
51238
11720
22777
32069
47879
51628
4625
43418
9290
25985
21639
33703
52731
37277
55664
25394
21499
32496
16186
28692
25349
13827
30891
35138
55208
44531
39903
35784
15695
50043
4431
31177
11582
36840
8901
33152
3467
40995
27242
58435
45098
35756
8634
48508
20964
27547
53387
43440
31068
45471
23563
19835
13834
24319
30144
48270
48960
39837
27271
49335
29482
44271
20887
32986
13767
52485
39803
34801
12273
24968
33052
44051
28252
37557
53943
21864
24719
16998
42720
9524
14318
25356
59782
31958
42673
44714
51951
25791
32491
48613
36536
21372
12677
32497
15063
21681
11585
36000
42651
36888
40377
25945
59815
45191
35422
33308
43772
10983
21883
52608
53230
25918
39729
31413
35626
48552
28794
15491
52151
29015
33318
23626
35826
25495
5090
12546
32915
17613
24365
30265
42916
39284
21091
33560
46988
41248
44980
24927
28171
7549
35881
17510
16181
31054
44710
24604
58488
53102
20195
40969
19353
20947
13428
15949
58807
37000
46528
47775
22086
41135
38667
45391
33302
9094
18797
37445
32332
44383
35289
47105
57188
36008
57369
56987
26678
28898
32205
31425
39151
29098
32111
28861
40468
30134
33107
43884
8069
31181
45729
37706
28532
14295
41050
25955
6514
11725
32345
27232
20835
33988
50257
36224
17031
22504
44233
21405
48753
56188
37924
45604
52239
58333
47004
17950
38569
19580
21571
27435
15580
48872
9730
12930
32668
22979
50842
14836
20792
47050
27815
25319
50261
22223
35482
26972
23282
57023
19899
56044
46436
51356
32045
28099
41306
25988
47338
47020
35032
50602
39109
50438
49468
32601
43877
36808
14908
54774
21837
22146
36071
16636
36823
21340
27296
21246
34868
21270
27687
32937
40559
11272
16530
51137
50280
38176
48205
46625
15579
56552
18463
53437
14935
32894
12325
23200
24137
41627
53974
31726
38896
57998
12287
18660
25447
37695
22469
10452
26784
53806
14758
40235
31332
32370
21369
59500
30036
36795
49258
38195
32492
19794
43008
23861
42109
58645
36121
28731
23086
25212
31978
6956
23045
34200
40448
52993
25305
31248
8002
34766
22365
28195
34543
37826
15642
35242
57753
47645
7026
17683
20785
49724
47775
41065
64507
55954
17074
14920
56214
24493
47766
50923
27640
33583
59148
26399
14956
21203
35245
24397
54426
8047
32748
44661
38784
50157
49682
34095
24180
19538
16962
40105
37409
31928
43892
28077
38800
14422
32890
18329
40733
51315
39679
51046
21374
887
35460
44707
26817
21467
54115
39544
35660
40757
36301
39590
11996
36143
25804
10369
48519
44685
30018
32253
42683
33835
36073
19615
20029
58878
51540
21640
23341
18960
38634
56176
26366
27525
36846
33702
35968
20889
47993
33554
22230
13984
11390
47666
4224
20230
32967
43809
29268
28750
49140
53389
45694
38932
39553
54462
29573
21259
2238
43157
4934
33793
51669
31366
55800
35544
17097
3493
35111
19340
15729
28823
19131
38193
34690
5277
32751
26866
29059
50319
61530
8468
44505
31707
55531
30705
36794
40331
56038
28415
10810
35646
19177
38345
53059
39979
24555
45297
28309
29730
16953
16693
54475
47756
31351
27239
51799
12646
16550
47732
37506
44106
43802
53343
19054
26472
15745
25413
10260
48774
22496
43352
39240
17413
34198
7909
17073
47069
11352
11600
24275
24221
39732
12819
32007
47212
31119
58819
41085
38924
38440
8972
16193
39378
38420
36273
8501
31409
33729
39310
40721
53038
15860
29079
16743
6761
50892
48856
16289
50460
29374
53107
57091
29844
30616
40358
45475
16827
23424
14021
13685
53263
17394
33337
21314
50345
42183
26759
48557
40248
20266
23117
45102
26372
24737
46907
3608
21996
37388
38175
24980
47977
26270
26333
47780
23946
47846
33648
28193
11767
13258
36075
13503
24816
36230
46971
10757
25676
19123
28772
43863
46716
17212
25856
38637
40327
37736
27076
27354
48652
27349
16701
17415
37443
15223
17164
15670
16637
18590
58094
44545
21665
38381
38839
18906
53806
46692
8787
40713
45117
31577
46277
30130
11774
33656
31018
36558
2615
43464
30899
17198
39496
54439
25263
33404
49451
9418
13184
12859
50798
33854
48035
60611
36152
5483
34474
41030
43851
33292
41537
36303
24573
43577
50476
43071
27453
13150
54857
21327
17557
30531
21385
33427
45604
21251
39160
47218
16289
54806
34747
25903
5468
20809
36108
9701
12093
17857
35137
25476
62404
13309
38596
20951
43784
19154
45337
20093
54714
30317
48093
40947
25632
20310
27074
38025
52508
26984
33685
33130
34084
33500
3898
8598
21831
37693
22187
54505
37423
14961
20222
48915
13083
36790
24413
18079
51426
20644
34828
29677
21748
28710
26983
45112
32857
34179
43746
25745
12978
6999
49673
30948
35124
24219
39295
45808
44464
44442
38912
30031
36239
34555
34656
24180
28879
22715
23434
18345
28937
44847
22916
41999
20588
17416
40551
16286
45247
27977
34407
24107
43621
27729
29649
47711
17234
40148
30217
25785
17943
33760
53386
33431
30940
16094
25064
27943
46178
53896
27342
12405
56062
23029
46336
27234
44962
38292
39516
35239
36052
23081
27602
27863
31669
57298
47216
57691
43772
28933
29785
33397
50683
31121
32714
30783
43927
30106
36374
5803
34128
16543
27815
23682
15935
50292
43524
21094
55828
34889
40134
51664
11286
40866
19105
31763
60963
31070
12131
35161
