17419533
24551727
52761469
22168581
18927994
31233498
38742864
31986517
86124882
19116153
93446192
18496460
82913602
41763634
42197377
61165777
12111567
71777763
59981854
61381165
19478360
21164268
89841447
88187823
83711763
96512035
83485044
55333768
81881688
98972322
89178222
61242630
26539256
18211980
29521158
18195364
25867755
94197008
55491277
83939682
97693580
65825480
61633554
28253624
62146338
51364944
34416022
42887587
25744480
29317816
31382529
37297559
32113329
51222658
71341339
11675158
54956542
16831524
92171698
15673872
26577465
98312265
71554135
16111759
14831176
13885834
89317498
37111844
51145655
35666775
71916279
76514008
92653253
42792416
15785853
41159533
64531923
34746376
28113384
22174917
63135294
72259134
51791544
11485926
41395832
96177201
34175353
41291908
56817814
13631269
42931498
15593336
48143553
68929611
51588157
22271323
37195599
78379422
82811856
61931216
63565857
48397722
86155326
45425362
82663946
62535698
44626837
51115246
11243388
82343440
84739820
88151451
39219826
41231996
89135148
53892890
14819434
79811482
55192908
51441639
59183905
69381188
84811562
37358583
18936190
78941578
66671491
12149571
41523439
82771323
49461390
45881234
98245327
83869930
23826290
78278144
89282157
27678792
61958932
17255244
86469024
55155842
54721628
13135252
78364424
55747360
88152348
66629154
31199557
61594674
91539147
81861280
12215479
25142128
79554150
12298251
85839462
98566197
72647144
16383312
11261736
79347903
63876181
37858600
33118269
24915752
42211282
12411396
95972173
67181835
36212874
83758224
48813716
95556633
18823198
19722847
44827339
47395246
28314314
41791837
17953928
21142088
15122064
17331801
12899016
42187891
17642193
61336290
43261578
61827439
61129485
15668901
71791587
39453826
94851373
16467808
41926332
97126222
25341759
31888147
51591937
42726757
11175979
17867002
66584172
83112633
21611576
85649845
25383298
68111959
63153427
17913664
12617361
22915188
68861682
14989527
75648721
81956932
13558194
74671752
21835725
76823151
88597188
71371399
34455212
26633139
13817028
13939395
54151668
18962256
52521673
81168322
43715272
56181867
59265353
12288936
11599551
99511137
39723346
84392554
57476710
91811562
39589645
76385938
25157877
17857914
23841382
17721337
15151758
21553915
84275844
94435850
13341847
56198388
91487436
35416665
29125039
76587902
71651173
61574536
61191423
97193334
35696002
39513687
81981337
39272179
17316193
61721986
32561898
57579255
27936418
16876650
95615415
85192155
52914874
33131461
11818758
92312842
58125054
27179514
41153592
29492532
44985376
11719884
29332845
12112269
66815970
57322246
23168785
87959362
31819245
47581176
16931389
14323166
77131758
63195619
11973216
51717966
81118593
92818566
73616858
65711418
55614939
32337429
48789910
91958998
33141523
63463837
27891153
73494634
98997220
56936254
65162002
51165458
72452270
69835536
81517348
56417148
61155336
32785281
97631622
95495278
23187288
75418339
89816376
41112798
46773495
18387999
14352918
56791246
98784444
58129552
35143555
77744180
15412872
14764992
38628260
14968287
79417509
82214772
38136458
21114369
31456246
91814811
11981173
51322775
61582198
97213227
27451426
78111495
39967622
96231379
96792835
82463286
87684142
96227347
31736493
41124658
45121184
37915249
13468918
34467246
21231193
89119850
51678411
13963855
17171680
75481762
17531187
51178677
14819035
99961666
13694219
43691925
18635217
18226939
78931572
97743586
33611478
27157254
13619992
41291588
47745319
34352277
88414728
12777136
18645185
73279144
13315833
51125199
16489712
22174917
11213959
15416718
33115963
89844007
97725278
83385790
13512356
55395378
85135189
35812615
21651183
38351352
94231254
66138799
43544283
56691740
86732194
35654696
58533320
69646332
15871146
34621222
53495351
77191542
17123853
33915894
12443377
66148187
96871936
76371295
47182527
16214885
44499476
21743266
73842744
77487835
19374466
51328201
34944455
53812479
85116273
87728250
69651382
76161338
43158968
57446795
26889218
15129666
29267372
52171197
26681604
94662895
68789920
58269811
51644997
15561771
79568636
17523165
85811988
44759265
23197382
37818895
74919399
17211609
77443395
44592548
42532488
23721783
17568012
57425674
82852773
33569446
96929630
78372706
11456365
67639155
51155973
98156182
47864135
11143687
56867853
94511328
71774625
96564182
62912654
18241176
61798140
89747800
91296159
98697512
58256203
71321739
93911349
24914428
95216746
18175752
91844835
84673168
54266467
41466793
11511976
63445730
56296554
16349160
51653335
61621195
15611539
12664194
66851184
13843554
71535732
29937950
31251289
37467238
61282581
84216524
61724461
51662655
75554977
81277942
82979930
64253526
78492003
96956500
48651551
87345805
13379706
41249838
26156146
14871825
28111956
32322874
75626480
37154456
81568314
12662493
21511687
13828497
23891629
13856715
35769588
11259393
76152667
35536692
21126946
25886630
71252563
71149254
11173585
51662382
52566692
64558134
42286544
99387243
99852344
73886019
31191435
81895153
86733202
13427778
65536242
63329968
55147191
96522385
97695752
35818995
84534655
52175493
85231381
11852905
11863282
71847456
44615542
21918910
91678664
81546815
11885026
41929206
39977698
93945490
86826790
68243628
26492444
66225676
95744434
21337395
54512943
11892759
42676389
93992250
49484704
28337838
59149218
25228617
59626941
64166395
18844753
43251331
51685445
19232276
17520063
81181701
55186233
62932578
57285494
28688912
94299934
31316642
18376654
21736884
48185774
29211598
41157493
52835997
96191271
61143529
69175554
42197359
71531293
24613555
11496675
78412918
82629733
39571195
76563320
58811956
67718375
38359640
94391946
17193885
18683194
53986162
38961634
17548857
17125689
15343757
16119886
53711808
69142731
64971198
19996020
61439576
51372278
15813208
41884881
78191145
14542182
46662902
27692163
76115585
43963722
11554371
41576179
75591942
65115155
87548616
62731625
98974203
72188625
39137945
12562251
77156168
61155336
25721727
28194979
41431491
32824167
18351648
71619174
14211782
42615285
38515353
73749903
19731847
24286448
35119652
48531720
14696880
22178604
29695171
52316455
21135608
81164590
92514125
51631895
64245255
51517347
31984551
15124278
19937208
18579123
69196052
14751481
43441190
17519595
27196806
48513542
72464829
86662028
93414226
22862403
37376444
13212496
75217666
68943955
11717288
31591820
38884734
26718344
92211367
11812477
15531904
72816074
11537921
44721522
71125880
46858604
21972357
79652883
73597938
38286213
91893009
42861795
49759824
52267414
47249432
21968014
62773159
71266397
22564192
23292994
59429155
31914769
18828584
14759151
16173139
61316842
52614327
95635291
16564284
56136234
14371952
22842864
27221499
11544619
26913580
89569154
17878254
35172517
82418233
35858002
44169306
52112888
76887920
59111650
71711874
36134523
59813878
31431608
48494028
57328618
93751203
46213928
28192266
21664635
64589769
16754136
32239974
97553047
97141155
27323565
72966462
59617626
12578442
25293253
61925192
47492205
16431783
52918438
24425554
28412678
14346878
84746475
38161173
15811177
34918222
87471814
92699032
71171282
43122262
31123251
26566368
88835138
37416226
62431231
83747180
91828620
81651478
79153950
43881801
32186515
77792608
76451632
36686355
15444427
74763432
95961246
61691964
93613652
75279561
16958396
11435768
78651728
11295405
63289589
81857211
43425427
49463890
19321742
81312558
52983036
67426393
61141575
61989561
74192538
82468356
87251857
16195266
13918355
14342649
54822018
14162494
66627136
72513319
84166794
28331266
15453465
34321430
89713158
11833390
14962556
21911968
51713177
31342459
25937664
11581935
48848468
51251288
46245625
49296915
16233927
71991198
34155391
75481366
71511219
11173437
18791601
12134980
18311930
35928366
91624605
51876790
43115475
81174487
29179509
56492601
21433238
49355162
73162165
82968208
39875392
54135762
84281445
58372224
12112269
61153285
32267945
61211299
15981286
12114264
53975025
18775632
81949360
78614815
71544685
47875275
76949316
49551297
69881385
19548777
98385261
31673175
21512667
36745401
88413593
31719338
73649461
97865259
53791195
93655966
99176032
51321399
59413785
59168832
19179870
14152593
74934117
47116455
11145559
42718256
12575214
31618574
57551249
14954134
79122489
11717871
57437385
25251466
84433542
15143269
81562428
11568216
19921464
81146218
98545461
19897262
49218223
12517177
91164164
29716366
67663345
81719185
13381827
31183284
67325568
79365478
19876128
55686850
65339508
21155955
51911583
29864055
11176942
46932511
81168981
63821497
19118565
43197831
19847946
99476875
96236750
81348511
54411152
12151255
71525445
29856620
41665342
62916832
71577138
73151858
41931891
21163873
94158265
81151638
17154278
82795844
37935880
95693931
17368647
61871499
81387909
19669614
81627907
51997348
53839284
59149894
42727284
81622844
39846955
75875746
37196923
11615652
46726884
28844208
98411592
32188936
36111594
21427222
34963339
65224563
38578146
11379685
87152355
64219731
28261797
18611790
51841696
57931452
51749658
55851286
12181279
18118286
88528240
35432628
18841248
97622430
42142988
13161777
