41 18467
6334 26500
19169 15724
11478 29358
26962 24464
5705 28145
23281 16827
9961 491
2995 11942
4827 5436
32391 14604
3902 153
292 12382
17421 18716
19718 19895
5447 21726
14771 11538
1869 19912
25667 26299
17035 9894
28703 23811
31322 30333
17673 4664
15141 7711
28253 6868
25547 27644
32662 32757
20037 12859
8723 9741
27529 778
12316 3035
22190 1842
288 30106
9040 8942
19264 22648
27446 23805
15890 6729
24370 15350
15006 31101
24393 3548
19629 12623
24084 19954
18756 11840
4966 7376
13931 26308
16944 32439
24626 11323
5537 21538
16118 2082
22929 16541
4833 31115
4639 29658
22704 9930
13977 2306
31673 22386
5021 28745
26924 19072
6270 5829
26777 15573
5097 16512
23986 13290
9161 18636
22355 24767
23655 15574
4031 12052
27350 1150
16941 21724
13966 3430
31107 30191
18007 11337
15457 12287
27753 10383
14945 8909
32209 9758
24221 18588
6422 24946
27506 13030
16413 29168
900 32591
18762 1655
17410 6359
27624 20537
21548 6483
27595 4041
3602 24350
10291 30836
9374 11020
4596 24021
27348 23199
19668 24484
8281 4734
53 1999
26418 27938
6900 3788
18127 467
3728 14893
24648 22483
17807 2421
14310 6617
22813 9514
14309 7616
18935 17451
20600 5249
16519 31556
22798 30303
6224 11008
5844 32609
14989 32702
3195 20485
3093 14343
30523 1587
29314 9503
7448 25200
13458 6618
20580 19796
14798 15281
19589 20798
28009 27157
20472 23622
18538 12292
6038 24179
18190 29657
7958 6191
19815 22888
19156 11511
16202 2634
24272 20055
20328 22646
26362 4886
18875 28433
29869 20142
23844 1416
21881 31998
10322 18651
10021 5699
3557 28476
27892 24389
5075 10712
2600 2510
21003 26869
17861 14688
13401 9789
15255 16423
5002 10585
24182 10285
27088 31426
28617 23757
9832 30932
4169 2154
25721 17189
19976 31329
2368 28692
21425 10555
3434 16549
7441 9512
30145 18060
21718 3753
16139 12423
16279 25996
16687 12529
22549 17437
19866 12949
193 23195
3297 20416
28286 16105
24488 16282
12455 25734
18114 11701
31316 20671
5786 12263
4313 24355
31185 20053
912 10808
1832 20945
4313 27756
28321 19558
23646 27982
481 4144
23196 20222
7129 2161
5535 20450
11173 10466
12044 21659
26292 26439
17253 20024
26154 29510
4745 20649
13186 8313
4474 28022
2168 14018
18787 9905
17958 7391
10202 3625
26477 4414
9314 25824
29334 25874
24372 20159
11833 28070
7487 28297
7518 8177
17773 32270
1763 2668
17192 13985
3102 8480
29213 7627
4802 4099
30527 2625
1543 1924
11023 29972
13061 14181
31003 27432
17505 27593
22725 13031
8492 142
17222 31286
13064 7900
19187 8360
22413 30974
14270 29170
235 30833
19711 25760
18896 4667
7285 12550
140 13694
2695 21624
28019 2125
26576 21694
22658 26302
17371 22466
4678 22593
23851 25484
1018 28464
21119 23152
2800 18087
31060 1926
9010 4757
32170 20315
9576 30227
12043 22758
7164 5109
7882 17086
29565 3487
29577 14474
2625 25627
5629 31928
25423 28520
6902 14962
123 24596
3737 13261
10195 32525
1264 8260
6202 8116
5030 20326
29011 30771
6411 25547
21153 21520
29790 14924
30188 21763
4940 20851
18662 13829
30900 17713
18958 17578
8365 13007
11477 1200
26058 6439
2303 12760
19357 2324
6477 5108
21113 14887
19801 22850
14460 22428
12993 27384
19405 6540
31111 28704
12835 32356
6072 29350
18823 14485
20556 23216
1626 9357
8526 13357
29337 23271
23869 29361
12896 13022
29617 10112
12717 18696
11585 24041
24423 24129
24229 4565
6559 8932
22296 29855
12053 16962
3584 29734
6654 16972
21457 14369
22532 2963
2607 2483
911 11635
10067 22848
4675 12938
2223 22142
23754 6511
22741 20175
21459 17825
3221 17870
1626 31934
15205 31783
23850 17398
22279 22701
12193 12734
1637 26534
5556 1993
10176 25705
6962 10548
15881 300
14413 16641
19855 24855
13142 11462
27611 30877
20424 32678
1752 18443
28296 12673
10040 9313
875 20072
12818 610
1017 14932
28112 30695
13169 23831
20040 26488
28685 19090
19497 2589
25990 15145
19353 19314
18651 26740
22044 11258
335 8759
11192 7605
25264 12181
28503 3829
23775 20608
29292 5997
17549 29556
25561 31627
6467 29541
26129 31240
27813 29174
20601 6077
20215 8683
8213 23992
25824 5601
23392 15759
2670 26428
28027 4084
10075 18786
15498 24970
6287 23847
32604 503
21221 22663
5706 2363
9010 22171
27489 18240
12164 25542
7619 20913
7591 6704
31818 9232
750 25205
4975 1539
303 11422
21098 11247
13584 13648
2971 17864
22913 11075
21545 28712
17546 18678
1769 15262
8519 13985
28289 15944
2865 18540
23245 25508
28318 27870
9601 28323
21132 24472
27152 25087
28570 29763
29901 17103
14423 3527
11600 26969
14015 5565
28 21543
25347 2088
2943 12637
22409 26463
5049 4681
1588 11342
608 32060
21221 1758
29954 20888
14146 690
7949 12843
21430 25620
748 27067
4536 20783
18035 32226
15185 7038
9853 25629
11224 15748
19923 3359
32257 24766
4944 14955
23318 32726
25411 21025
20355 31001
22549 9496
18584 9515
17964 23342
8075 17913
16142 31196
21948 25072
20426 14606
26173 24429
32404 6705
20626 29812
19375 30093
16565 16036
14736 29141
30814 5994
8256 6652
23936 30838
20482 1355
21015 1131
18230 17841
14625 2011
32637 4186
19690 1650
5662 21634
10893 10353
21416 13452
14008 7262
22233 5454
16303 16634
26303 14256
148 11124
12317 4213
27109 24028
29200 21080
21318 16858
24050 24155
31361 15264
11903 3676
29643 26909
14902 3561
28489 24948
1282 13653
30674 2220
5402 6923
3831 19369
3878 20259
19008 22619
23971 30003
21945 9781
26504 12392
32685 25313
6698 5589
12722 5938
19037 6410
31461 6234
12508 9961
3959 6493
1515 25269
24937 28869
58 14700
13971 26264
15117 16215
24555 7815
18330 3039
30212 29288
28082 1954
16085 20710
24484 24774
8380 29815
25951 6541
18115 1679
17110 25898
23073 788
23977 18132
29956 28689
26113 10008
12941 15790
1723 21363
28 25184
24778 7200
5071 1885
21974 1071
11333 22867
26153 14295
32168 20825
9676 15629
28650 2598
3309 4693
4686 30080
10116 12249
26667 1528
26679 7864
29421 8405
8826 6816
7516 27726
28666 29087
27681 19964
1340 5686
6021 11662
14721 6064
29309 20415
17902 29873
17124 23941
32745 31762
28423 27531
4806 12268
9318 5602
31907 24307
23481 1012
21136 26630
24114 26809
4084 23556
12290 21293
29996 29152
1054 25345
14708 248
7491 13712
5131 30114
16439 7958
24722 29704
6995 1052
25269 7479
18238 26423
27918 10866
17659 32498
28486 21196
7462 26633
12158 12022
1146 18392
13037 3925
10647 29458
6602 30807
4098 27830
29292 14600
7278 20799
18352 20448
13882 540
28315 4575
8762 9567
22336 18397
31418 19897
25828 13851
26816 24230
4449 16925
658 229
24520 10940
29560 15147
25162 1655
20675 792
22361 31754
16398 23146
8714 26946
21188 19569
8638 27663
15075 24515
11521 475
15615 20528
13234 12570
905 9464
19557 28962
14161 30524
12549 17469
330 31923
28350 14333
22925 10910
19737 16336
18337 1278
12393 7636
30714 28164
31591 19949
19135 2505
13337 10004
16337 2623
28664 9970
25608 30568
19281 7085
9152 18373
28652 8194
9876 23826
28396 7572
6249 14640
29174 18819
943 32611
1941 20289
8419 5565
3805 7585
16216 31450
1615 2609
11064 9166
16893 16074
13509 30300
19695 9573
15589 13161
31172 17968
27358 26031
26268 19426
28510 10422
30774 8779
30910 23552
4182 25391
15495 5764
874 1364
14902 28255
4460 474
6972 26821
26122 25547
21577 9789
25605 30195
27594 7950
16343 754
2481 1012
11672 23439
13428 5912
9762 5967
24408 4415
1908 17223
11759 26434
5204 29486
4319 958
5945 26806
8166 18700
11367 17692
21787 28532
30556 30974
3447 5021
18283 26222
29331 2376
28583 26948
12723 17982
22018 14776
9220 31111
32182 23856
19490 8925
4324 6486
19677 15969
11643 7534
15677 22668
31068 21991
32196 7783
16828 7727
29426 15871
10697 17612
18703 11027
11408 5545
9508 7185
30238 24237
26443 21313
22501 8850
25128 2111
23650 28149
11192 1454
15869 681
27465 20267
17713 19793
18634 25472
20972 22830
24901 28442
5177 13877
25770 702
14364 1381
16590 8823
2237 8023
32179 16595
20169 2327
12042 31310
28182 11058
7926 9487
1670 32528
5651 2258
7213 9860
25783 21286
2742 8610
4472 7128
18434 5841
20718 3503
14867 24865
10938 1881
9257 22750
28614 18598
28458 2661
26063 32756
20807 20278
19489 19435
6365 32075
7586 1386
7833 8360
13330 26048
8928 29492
12433 23840
6766 1735
19810 11599
11837 21892
31982 7328
29352 11369
31244 21794
6608 9252
11647 17432
9535 7208
3264 3497
23243 27649
22015 26841
189 16100
19812 30648
9523 19851
24474 28633
29891 27200
19854 9990
25697 4919
17780 22578
12931 32544
3340 13487
899 22525
8483 5538
7492 6193
28252 25011
1560 15834
1840 31497
2785 18529
31540 18805
28791 13392
13210 13549
21578 26979
30971 9277
73 20193
1620 21497
13826 31276
19790 6582
13578 11159
20418 26489
159 3449
12924 9072
10380 27008
27967 10208
6477 18503
15370 32607
14196 12074
13722 12611
19019 28761
11056 12890
31163 16683
13716 19932
25452 2741
4954 6813
2862 10396
15460 20615
10904 2599
20136 4680
9198 27032
14387 32584
7240 3517
17006 8670
241 18882
25249 3523
31758 12105
29621 17095
7296 9916
15678 10178
13579 25058
27577 12750
14007 23729
24081 2995
2678 24676
27753 20899
11784 15565
3093 13608
6172 11243
29929 7514
10168 5055
11191 5973
8922 6748
5651 10986
2144 16446
31577 26517
14629 29916
5874 15791
15469 22912
8146 30693
9091 9815
26949 26857
20640 26052
236 8551
9487 31226
28162 16955
23183 8394
30180 16097
3065 27065
2513 9261
12578 21078
16878 14140
4611 31947
2445 170
29975 13489
24750 6149
3333 13865
22214 17282
27007 27432
8896 16367
28522 4882
31810 17641
7231 2187
6705 6479
6321 6538
31351 19447
24208 9646
22276 25759
30189 30422
27666 8486
3455 2028
29614 4860
29253 11777
31348 12503
10861 22431
29082 12455
14197 22106
8752 15821
17296 26281
26021 24455
15947 27124
18318 9135
11376 1774
29859 24998
12074 9253
6922 10635
1643 28888
8153 13232
4747 28680
19926 25678
6450 14801
24961 14199
20855 26363
5716 10573
31561 23245
6473 28274
1550 24353
1181 4287
2699 18110
18643 17465
7172 2529
9981 2112
13476 4381
8247 26890
16671 8805
32372 30032
3989 9320
23165 15431
9658 11293
17206 26578
16948 2206
27171 18166
3396 16697
31020 23694
15529 14788
30109 17984
11969 28978
21617 4015
16626 3684
9168 17906
25928 12097
28118 24390
15199 11785
14486 19199
12420 20710
18271 15813
27415 6085
318 3580
1331 7267
8387 13444
23186 14507
4360 17827
28074 26431
7152 30271
10268 4693
19885 337
31311 17604
12677 406
7768 29022
19413 5000
542 17537
30038 21388
7355 13289
31647 3181
13093 16584
10987 10761
20493 8217
9501 17482
29447 15665
10753 22104
15084 19095
13525 30221
3964 21781
4872 8106
3656 3343
22593 27080
16080 14868
21411 13713
20968 3251
27216 12079
28768 17040
31531 12933
23779 20663
12259 26653
27936 2095
24365 11874
7720 26835
25680 8976
18455 5725
4071 24808
13559 9156
5602 17832
7905 10440
7375 21562
22885 21962
21080 1836
10797 31202
10508 10080
5340 12076
9058 31493
7740 8546
20474 24773
19097 8880
23335 11072
23400 707
22955 20666
4141 23588
12481 17168
28315 19396
16225 1009
22012 18136
11455 18762
25043 742
21 17922
24512 9248
26018 27368
23717 9714
17650 13290
3335 12759
3169 21895
5303 22640
21979 24199
29105 24791
18661 8681
3652 8753
24033 32029
15987 7042
26253 20083
11420 15814
32718 12244
31063 7229
20652 18864
4769 30470
15005 21047
1594 21487
24326 3276
21323 6540
7679 23990
32588 24710
29271 17945
29221 28470
20183 23589
23955 4978
24779 5006
13262 20135
23487 27196
29033 2088
12935 19779
15993 14790
24962 18965
11001 19105
11807 24567
2669 3134
32671 1457
12998 3545
13597 14218
8838 14844
7372 8563
21028 29264
28801 14723
13490 7604
31601 24227
11197 23692
19771 20363
29301 22363
7721 3565
17421 23445
18610 495
16741 15022
31812 29151
23015 8055
3393 8738
15279 19882
