10204.457
15653.672
21573.359
21078.124
6759.013
31944.554
18262.590
14387.981
15381.335
18537.407
7028.204
3961.721
20951.482
23565.250
20832.691
9945.809
22902.236
8263.400
12092.644
29108.136
8578.496
14494.530
6831.349
21650.315
15982.878
1469.859
11588.180
27400.109
24534.970
21700.325
15759.452
9284.463
25741.588
18534.321
22958.295
12442.541
17284.863
18900.491
19582.893
35722.362
17474.023
6521.470
9317.238
13851.184
7786.760
8670.652
31051.165
20382.362
21196.300
8982.963
10868.629
26621.661
25436.087
9145.473
6142.847
8007.792
19529.742
7335.990
10551.459
11493.879
13329.651
20478.727
9355.600
4718.942
24708.630
19671.393
17656.525
23676.466
26602.177
30529.188
6625.089
11798.570
21339.792
20108.626
26278.126
17804.366
18963.231
24259.842
10309.905
13473.179
5228.827
4166.252
3802.122
15131.073
26878.902
27214.180
10178.662
25369.101
33239.547
24173.295
11465.919
15028.437
13008.151
14947.487
14192.591
2647.156
16294.114
20020.062
14826.006
20120.024
33654.101
15127.231
24664.625
28992.476
15921.970
13498.960
19201.682
23752.767
22842.944
14133.181
21108.739
7236.004
31961.164
6048.503
12693.635
23026.643
19006.314
22230.993
24672.588
18310.976
25594.634
29168.471
20085.241
11780.017
20317.664
4940.099
26156.957
15282.123
6850.571
15414.336
11942.763
12210.233
24581.600
13177.445
8070.360
5168.561
25065.381
7400.960
8901.329
7975.588
8184.566
16972.329
5463.556
19564.962
26180.624
15324.749
15030.117
19930.781
14476.315
9525.015
13701.499
18238.056
13579.840
5530.809
17374.382
24157.884
13585.657
9853.180
24213.512
23479.327
18562.627
22834.288
31346.630
7366.837
18886.565
7837.750
15849.441
10918.158
8958.070
15617.894
8275.336
19735.269
24196.784
19452.853
10445.075
33796.920
8225.010
35178.499
25550.053
18892.491
6487.270
24358.537
24040.178
20795.736
11419.738
17689.974
16142.577
19866.821
21538.278
18722.481
6051.332
12729.775
23611.368
21235.175
24763.292
27853.638
20741.165
21029.080
13641.782
20732.557
17696.476
19340.515
15138.029
29021.642
11886.717
21616.629
13840.893
15540.739
10576.088
18787.377
1282.171
13232.017
22567.595
29684.632
16940.494
18142.843
24416.082
10969.837
8421.371
10278.856
13994.516
3614.275
7791.664
22647.196
27612.066
29458.409
25705.879
891.240
8896.900
5253.742
32624.536
6332.615
19315.971
18934.395
28630.844
10114.135
7846.069
27416.864
9330.557
29161.946
24239.843
17367.543
19072.189
12526.047
30593.901
16922.589
17120.502
23084.377
25427.452
18639.460
6336.011
20656.208
21193.745
29961.802
10345.415
14818.010
17469.507
28119.777
29328.143
25725.103
20292.435
19371.792
28570.809
16570.914
23270.080
19371.252
18322.736
15651.170
15347.108
18726.718
4264.015
28456.467
11079.561
14986.418
16193.282
8234.210
23529.677
26155.699
14190.718
31007.871
8572.273
14933.698
24301.286
8306.559
26982.756
13154.146
33083.659
6293.236
8703.752
8261.680
9479.019
14350.378
24320.407
21996.864
24641.082
23302.782
12362.350
5036.804
32326.343
9038.678
21630.421
16307.579
6694.335
2797.346
26791.191
15268.714
29678.600
19192.331
20799.750
13355.427
24237.261
3666.413
25890.053
7230.680
25899.092
3355.960
9102.677
25876.424
24583.382
9832.368
24080.874
15360.868
11648.793
15405.882
15368.102
18809.745
9125.204
26842.198
13071.562
26079.914
4740.449
9763.513
3527.947
24518.878
11426.193
14375.278
18649.824
25896.778
23875.201
7760.815
26297.693
14021.192
22148.798
20936.593
15937.763
13539.794
18221.113
6978.373
5589.163
22819.858
13019.776
4821.471
27644.787
10439.862
31344.530
24325.776
14914.380
5603.336
7736.646
11083.048
9361.833
1187.900
28225.524
13002.386
6071.044
15823.663
32769.581
15640.181
7716.079
30680.102
18115.519
23035.345
20566.535
16996.491
20461.630
20814.999
4149.018
18583.148
24884.769
29932.760
19630.338
10771.156
23450.878
15027.315
17455.181
30465.623
16836.286
3882.456
19913.408
2397.704
6489.272
17285.482
11948.752
20899.376
6360.150
24489.521
9903.593
29249.278
15522.426
21623.333
30582.620
22764.546
11224.765
22739.505
29033.659
388.506
12127.739
9184.723
25057.500
6926.414
22765.815
17739.927
13505.981
10421.566
10118.087
23753.131
19001.049
15819.025
17317.959
12838.307
28784.433
6293.661
13906.101
18832.630
4166.940
19950.714
35136.614
14126.645
24373.366
23820.340
17868.629
21211.498
5001.964
17738.153
18049.559
2559.585
13350.907
3823.629
14837.128
25226.625
25767.102
20705.139
29034.010
22655.927
24085.520
22888.672
9840.527
20028.590
5273.674
12753.287
4915.773
13840.235
10471.375
5198.098
10947.438
29135.265
22380.517
7922.728
18303.203
7742.446
15515.157
31114.338
5540.058
22984.820
15952.541
10365.204
19039.556
15989.982
18078.260
22568.876
25981.673
17803.323
14324.845
2260.306
7150.548
15009.173
26250.491
15435.098
5281.027
19671.526
13418.216
4435.280
24919.404
10525.119
18989.400
19013.888
25713.222
5851.622
13961.702
23299.711
19783.495
4799.996
24799.551
16885.108
20411.013
9737.602
22120.226
14646.736
22856.693
16293.119
20174.851
31935.004
19716.952
11913.539
27458.492
26367.086
17646.562
7309.580
21672.275
5938.173
6724.947
30735.165
27100.680
13571.221
7555.745
19548.896
13121.447
19847.248
12807.929
12530.957
27652.786
20535.243
23021.314
7930.655
8699.150
31760.690
9324.964
16366.233
3628.450
28169.601
11620.622
19452.667
13475.112
24718.207
12247.154
13322.434
29589.514
2847.369
17895.038
11005.721
21890.483
16354.412
19041.641
20785.713
16269.060
18780.769
7746.422
27915.789
22698.004
17404.603
17468.221
9230.289
11049.721
22917.551
32816.748
5735.619
6353.411
3658.617
35592.279
15871.501
5107.351
11816.214
24154.964
30938.920
11290.133
5116.177
25122.841
8639.714
12655.430
13983.569
5542.059
21468.629
26059.896
15654.841
32520.233
8507.784
7625.440
3479.061
11370.286
17766.741
15224.310
5671.868
20471.644
8277.742
25036.897
10861.234
12855.265
24014.079
9210.962
12195.356
25365.630
18994.012
15528.339
22780.427
38131.806
8754.398
8394.450
19177.440
12768.507
24262.558
9053.677
10000.289
6222.085
10135.767
41292.212
19251.062
12533.726
28685.039
25559.096
4617.283
10480.150
865.300
24850.014
23730.585
19388.664
11940.280
22943.250
15853.369
13688.684
16097.403
12997.898
12047.349
7532.896
27037.900
14700.289
9519.452
11200.663
27307.504
27381.304
30241.584
10007.410
17413.231
7669.715
12455.976
9947.890
3665.593
15321.575
30353.986
607.529
8329.721
12403.015
29443.636
22711.190
20432.058
29700.382
15893.912
5674.031
11338.060
6388.045
31687.138
27653.444
13825.124
20479.265
14234.853
26077.956
29887.966
19735.998
15063.106
15453.307
11649.076
6633.921
8751.170
13478.064
22918.133
22840.912
8759.769
5171.289
9927.694
28028.482
14104.763
11425.011
17834.458
18038.439
8555.272
18757.121
22600.664
22809.698
10100.034
3469.100
23495.346
15044.129
7362.937
14738.567
9977.302
17355.737
24393.385
7365.799
21773.369
3995.734
28665.137
14788.725
27944.189
10892.805
22295.482
15433.564
15573.144
14226.668
14215.075
27310.190
20882.475
20152.705
23940.360
21806.645
19097.394
36833.629
27182.449
11396.269
15235.486
19038.750
13634.518
8040.764
15725.783
7447.170
16874.635
14243.671
10860.485
21112.079
4530.227
18920.623
6872.175
19644.387
22226.004
2363.541
27174.441
15687.913
27053.557
14354.087
12584.604
20882.188
27231.720
9783.747
4634.137
23504.840
12213.728
38510.757
2982.979
41643.026
15690.642
16325.516
16088.028
11671.632
20997.018
8740.098
14495.850
11275.908
16471.130
25107.514
11813.328
16851.174
30021.639
24305.575
21122.691
25122.555
11085.004
11302.557
25167.356
1865.125
7881.473
7818.000
3297.067
21214.951
35253.218
25491.592
12432.190
12610.652
4528.757
21626.550
18040.639
25586.790
12438.904
28865.412
18703.562
7715.503
7051.173
19186.366
21916.340
25270.045
11267.464
17266.881
7116.603
12478.905
21615.579
23493.152
10647.660
7252.196
11239.864
19021.345
6610.686
21850.023
17324.010
25309.034
26272.493
31476.588
29573.537
23266.879
20018.299
16078.478
23679.721
15266.812
20380.870
32230.116
8810.070
16867.900
13041.255
13676.101
27891.405
20710.858
10410.519
9245.711
23037.036
18786.713
26793.731
25885.125
19877.866
11987.911
2368.245
35194.113
12278.151
5021.606
10643.934
40052.070
5143.447
23906.822
27572.929
10633.520
25218.754
29876.506
22953.006
12274.529
17841.253
21621.286
13497.232
24732.971
23293.295
12978.688
14987.302
26579.042
13638.629
6115.988
16688.782
21760.390
22901.162
25354.362
7660.201
41012.642
32414.367
16358.650
13411.852
10152.892
8712.705
13425.885
20898.016
7748.019
23015.267
23845.939
21419.989
29179.482
16169.688
10412.078
13662.686
16802.057
17306.705
12027.519
19865.753
25908.764
13047.572
5671.327
23221.711
21523.634
25176.843
8637.878
10141.221
24214.182
20822.664
13718.617
32178.808
9716.980
11216.350
20217.266
15706.533
18223.028
6684.481
7672.847
22904.033
11169.623
11400.271
17928.893
18808.024
7341.722
27344.465
14724.683
25257.698
15884.170
13328.128
8956.281
11843.727
25327.735
10326.898
17488.300
14922.082
21367.719
18208.562
10183.312
17210.502
4581.798
26836.373
17874.362
19731.739
29055.088
8912.107
7570.675
5923.601
24650.679
17297.822
14701.212
812.778
10207.149
19624.496
18439.007
18286.264
23645.993
18538.929
20855.235
19352.755
12486.205
34327.083
27495.544
22481.608
16064.579
15336.146
15893.264
6197.244
11158.039
14544.155
31733.439
12093.910
16593.078
7592.114
24264.922
23696.255
5010.076
15719.436
4682.224
20458.792
12870.491
24047.209
12517.077
28861.814
27039.941
9414.686
29546.626
6293.888
12677.620
12759.219
9222.462
2958.495
22714.061
8638.487
8654.337
14417.104
10366.943
16533.777
18144.491
30301.172
20484.854
6258.733
30813.645
24282.218
19894.299
28158.492
27644.719
4628.562
17967.221
24379.496
21843.919
12951.980
9811.700
11098.489
20054.192
20976.470
25060.258
10140.185
27131.444
25363.050
17968.438
14012.002
19687.720
6509.001
8656.414
11007.084
13148.371
11022.684
27597.343
18043.343
3113.635
1624.152
22280.680
8955.080
28271.980
18814.961
