100
42 6335 18468
6501 15725 19170
1479 26963 29359
4465 5706 28146
3282 9962 16828
492 2996 11943
4828 5437 32392
4605 154 3903
293 12383 17422
8717 19719 19896
5448 14772 21727
1539 1870 19913
5668 17036 26300
9895 23812 28704
1323 17674 30334
4665 7712 15142
8254 6869 25548
7645 32663 32758
38 8724 12860
9742 779 27530
12317 3036 22191
1843 289 30107
9041 8943 19265
22649 23806 27447
15891 6730 24371
15351 15007 31102
24394 3549 19630
12624 19955 24085
18757 4967 11841
7377 13932 26309
16945 24627 32440
11324 5538 21539
16119 2083 22930
16542 4834 31116
4640 22705 29659
9931 2307 13978
31674 5022 22387
28746 19073 26925
6271 5830 26778
15574 5098 16513
23987 9162 13291
18637 22356 24768
23656 4032 15575
12053 1151 27351
16942 13967 21725
3431 30192 31108
18008 11338 15458
12288 10384 27754
14946 8910 32210
9759 18589 24222
1000006422 124946 10000000027506
1000013030 116413 10000000029168
1000000900 132591 10000000018762
1000001655 117410 10000000006359
1000027624 120537 10000000021548
1000006483 127595 10000000004041
1000003602 124350 10000000010291
1000030836 109374 10000000011020
1000004596 124021 10000000027348
1000023199 119668 10000000024484
1000008281 104734 10000000000053
1000001999 126418 10000000027938
1000006900 103788 10000000018127
1000000467 103728 10000000014893
1000024648 122483 10000000017807
1000002421 114310 10000000006617
1000022813 109514 10000000014309
1000007616 118935 10000000017451
1000020600 105249 10000000016519
1000031556 122798 10000000030303
1 1 1
5 5 9
10 3 10
6 4 6
4 4 8
5 4 9
1 9 9
1 7 9
2 9 10
10 3 8
1000000000 1 1000000000000000
999999900 101 999999999999900
999999800 201 999999999999800
999999700 301 999999999999700
999999600 401 999999999999600
999999500 501 999999999999500
999999400 601 999999999999400
999999300 701 999999999999300
999999200 801 999999999999200
999999100 901 999999999999100
999999000 1001 999999999999000
999998900 1101 999999999998900
999998800 1201 999999999998800
999998700 1301 999999999998700
999998600 1401 999999999998600
999998500 1501 999999999998500
999998400 1601 999999999998400
999998300 1701 999999999998300
999998200 1801 999999999998200
999998100 1901 999999999998100
