1 2
1 23
1 44
1 65
1 86
1 107
1 128
1 149
1 170
1 191
1 212
1 233
1 254
1 275
1 296
1 317
1 338
1 359
1 380
1 401
1 422
1 443
1 464
1 485
1 506
1 527
1 548
1 569
1 590
1 611
1 632
1 653
1 674
1 695
1 716
1 737
1 758
1 779
1 800
1 821
1 842
1 863
1 884
1 905
1 926
1 947
1 968
1 989
12 2
12 23
12 44
12 65
12 86
12 107
12 128
12 149
12 170
12 191
12 212
12 233
12 254
12 275
12 296
12 317
12 338
12 359
12 380
12 401
12 422
12 443
12 464
12 485
12 506
12 527
12 548
12 569
12 590
12 611
12 632
12 653
12 674
12 695
12 716
12 737
12 758
12 779
12 800
12 821
12 842
12 863
12 884
12 905
12 926
12 947
12 968
12 989
23 2
23 23
23 44
23 65
23 86
23 107
23 128
23 149
23 170
23 191
23 212
23 233
23 254
23 275
23 296
23 317
23 338
23 359
23 380
23 401
23 422
23 443
23 464
23 485
23 506
23 527
23 548
23 569
23 590
23 611
23 632
23 653
23 674
23 695
23 716
23 737
23 758
23 779
23 800
23 821
23 842
23 863
23 884
23 905
23 926
23 947
23 968
23 989
34 2
34 23
34 44
34 65
34 86
34 107
34 128
34 149
34 170
34 191
34 212
34 233
34 254
34 275
34 296
34 317
34 338
34 359
34 380
34 401
34 422
34 443
34 464
34 485
34 506
34 527
34 548
34 569
34 590
34 611
34 632
34 653
34 674
34 695
34 716
34 737
34 758
34 779
34 800
34 821
34 842
34 863
34 884
34 905
34 926
34 947
34 968
34 989
45 2
45 23
45 44
45 65
45 86
45 107
45 128
45 149
45 170
45 191
45 212
45 233
45 254
45 275
45 296
45 317
45 338
45 359
45 380
45 401
45 422
45 443
45 464
45 485
45 506
45 527
45 548
45 569
45 590
45 611
45 632
45 653
45 674
45 695
45 716
45 737
45 758
45 779
45 800
45 821
45 842
45 863
45 884
45 905
45 926
45 947
45 968
45 989
56 2
56 23
56 44
56 65
56 86
56 107
56 128
56 149
56 170
56 191
56 212
56 233
56 254
56 275
56 296
56 317
56 338
56 359
56 380
56 401
56 422
56 443
56 464
56 485
56 506
56 527
56 548
56 569
56 590
56 611
56 632
56 653
56 674
56 695
56 716
56 737
56 758
56 779
56 800
56 821
56 842
56 863
56 884
56 905
56 926
56 947
56 968
56 989
67 2
67 23
67 44
67 65
67 86
67 107
67 128
67 149
67 170
67 191
67 212
67 233
67 254
67 275
67 296
67 317
67 338
67 359
67 380
67 401
67 422
67 443
67 464
67 485
67 506
67 527
67 548
67 569
67 590
67 611
67 632
67 653
67 674
67 695
67 716
67 737
67 758
67 779
67 800
67 821
67 842
67 863
67 884
67 905
67 926
67 947
67 968
67 989
78 2
78 23
78 44
78 65
78 86
78 107
78 128
78 149
78 170
78 191
78 212
78 233
78 254
78 275
78 296
78 317
78 338
78 359
78 380
78 401
78 422
78 443
78 464
78 485
78 506
78 527
78 548
78 569
78 590
78 611
78 632
78 653
78 674
78 695
78 716
78 737
78 758
78 779
78 800
78 821
78 842
78 863
78 884
78 905
78 926
78 947
78 968
78 989
89 2
89 23
89 44
89 65
89 86
89 107
89 128
89 149
89 170
89 191
89 212
89 233
89 254
89 275
89 296
89 317
89 338
89 359
89 380
89 401
89 422
89 443
89 464
89 485
89 506
89 527
89 548
89 569
89 590
89 611
89 632
89 653
89 674
89 695
89 716
89 737
89 758
89 779
89 800
89 821
89 842
89 863
89 884
89 905
89 926
89 947
89 968
89 989
100 2
100 23
100 44
100 65
100 86
100 107
100 128
100 149
100 170
100 191
100 212
100 233
100 254
100 275
100 296
100 317
100 338
100 359
100 380
100 401
100 422
100 443
100 464
100 485
100 506
100 527
100 548
100 569
100 590
100 611
100 632
100 653
100 674
100 695
100 716
100 737
100 758
100 779
100 800
100 821
100 842
100 863
100 884
100 905
100 926
100 947
100 968
100 989
111 2
111 23
111 44
111 65
111 86
111 107
111 128
111 149
111 170
111 191
111 212
111 233
111 254
111 275
111 296
111 317
111 338
111 359
111 380
111 401
111 422
111 443
111 464
111 485
111 506
111 527
111 548
111 569
111 590
111 611
111 632
111 653
111 674
111 695
111 716
111 737
111 758
111 779
111 800
111 821
111 842
111 863
111 884
111 905
111 926
111 947
111 968
111 989
122 2
122 23
122 44
122 65
122 86
122 107
122 128
122 149
122 170
122 191
122 212
122 233
122 254
122 275
122 296
122 317
122 338
122 359
122 380
122 401
122 422
122 443
122 464
122 485
122 506
122 527
122 548
122 569
122 590
122 611
122 632
122 653
122 674
122 695
122 716
122 737
122 758
122 779
122 800
122 821
122 842
122 863
122 884
122 905
122 926
122 947
122 968
122 989
133 2
133 23
133 44
133 65
133 86
133 107
133 128
133 149
133 170
133 191
133 212
133 233
133 254
133 275
133 296
133 317
133 338
133 359
133 380
133 401
133 422
133 443
133 464
133 485
133 506
133 527
133 548
133 569
133 590
133 611
133 632
133 653
133 674
133 695
133 716
133 737
133 758
133 779
133 800
133 821
133 842
133 863
133 884
133 905
133 926
133 947
133 968
133 989
144 2
144 23
144 44
144 65
144 86
144 107
144 128
144 149
144 170
144 191
144 212
144 233
144 254
144 275
144 296
144 317
144 338
144 359
144 380
144 401
144 422
144 443
144 464
144 485
144 506
144 527
144 548
144 569
144 590
144 611
144 632
144 653
144 674
144 695
144 716
144 737
144 758
144 779
144 800
144 821
144 842
144 863
144 884
144 905
144 926
144 947
144 968
144 989
155 2
155 23
155 44
155 65
155 86
155 107
155 128
155 149
155 170
155 191
155 212
155 233
155 254
155 275
155 296
155 317
155 338
155 359
155 380
155 401
155 422
155 443
155 464
155 485
155 506
155 527
155 548
155 569
155 590
155 611
155 632
155 653
155 674
155 695
155 716
155 737
155 758
155 779
155 800
155 821
155 842
155 863
155 884
155 905
155 926
155 947
155 968
155 989
166 2
166 23
166 44
166 65
166 86
166 107
166 128
166 149
166 170
166 191
166 212
166 233
166 254
166 275
166 296
166 317
166 338
166 359
166 380
166 401
166 422
166 443
166 464
166 485
166 506
166 527
166 548
166 569
166 590
166 611
166 632
166 653
166 674
166 695
166 716
166 737
166 758
166 779
166 800
166 821
166 842
166 863
166 884
166 905
166 926
166 947
166 968
166 989
177 2
177 23
177 44
177 65
177 86
177 107
177 128
177 149
177 170
177 191
177 212
177 233
177 254
177 275
177 296
177 317
177 338
177 359
177 380
177 401
177 422
177 443
177 464
177 485
177 506
177 527
177 548
177 569
177 590
177 611
177 632
177 653
177 674
177 695
177 716
177 737
177 758
177 779
177 800
177 821
177 842
177 863
177 884
177 905
177 926
177 947
177 968
177 989
188 2
188 23
188 44
188 65
188 86
188 107
188 128
188 149
188 170
188 191
188 212
188 233
188 254
188 275
188 296
188 317
188 338
188 359
188 380
188 401
188 422
188 443
188 464
188 485
188 506
188 527
188 548
188 569
188 590
188 611
188 632
188 653
188 674
188 695
188 716
188 737
188 758
188 779
188 800
188 821
188 842
188 863
188 884
188 905
188 926
188 947
188 968
188 989
199 2
199 23
199 44
199 65
199 86
199 107
199 128
199 149
199 170
199 191
199 212
199 233
199 254
199 275
199 296
199 317
199 338
199 359
199 380
199 401
199 422
199 443
199 464
199 485
199 506
199 527
199 548
199 569
199 590
199 611
199 632
199 653
199 674
199 695
199 716
199 737
199 758
199 779
199 800
199 821
199 842
199 863
199 884
199 905
199 926
199 947
199 968
199 989
210 2
210 23
210 44
210 65
210 86
210 107
210 128
210 149
210 170
210 191
210 212
210 233
210 254
210 275
210 296
210 317
210 338
210 359
210 380
210 401
210 422
210 443
210 464
210 485
210 506
210 527
210 548
210 569
210 590
210 611
210 632
210 653
210 674
210 695
210 716
210 737
210 758
210 779
210 800
210 821
210 842
210 863
210 884
210 905
210 926
210 947
210 968
210 989
221 2
221 23
221 44
221 65
221 86
221 107
221 128
221 149
221 170
221 191
221 212
221 233
221 254
221 275
221 296
221 317
221 338
221 359
221 380
221 401
221 422
221 443
221 464
221 485
221 506
221 527
221 548
221 569
221 590
221 611
221 632
221 653
221 674
221 695
221 716
221 737
221 758
221 779
221 800
221 821
221 842
221 863
221 884
221 905
221 926
221 947
221 968
221 989
232 2
232 23
232 44
232 65
232 86
232 107
232 128
232 149
232 170
232 191
232 212
232 233
232 254
232 275
232 296
232 317
232 338
232 359
232 380
232 401
232 422
232 443
232 464
232 485
232 506
232 527
232 548
232 569
232 590
232 611
232 632
232 653
232 674
232 695
232 716
232 737
232 758
232 779
232 800
232 821
232 842
232 863
232 884
232 905
232 926
232 947
232 968
232 989
243 2
243 23
243 44
243 65
243 86
243 107
243 128
243 149
243 170
243 191
243 212
243 233
243 254
243 275
243 296
243 317
243 338
243 359
243 380
243 401
243 422
243 443
243 464
243 485
243 506
243 527
243 548
243 569
243 590
243 611
243 632
243 653
243 674
243 695
243 716
243 737
243 758
243 779
243 800
243 821
243 842
243 863
243 884
243 905
243 926
243 947
243 968
243 989
254 2
254 23
254 44
254 65
254 86
254 107
254 128
254 149
254 170
254 191
254 212
254 233
254 254
254 275
254 296
254 317
254 338
254 359
254 380
254 401
254 422
254 443
254 464
254 485
254 506
254 527
254 548
254 569
254 590
254 611
254 632
254 653
254 674
254 695
254 716
254 737
254 758
254 779
254 800
254 821
254 842
254 863
254 884
254 905
254 926
254 947
254 968
254 989
265 2
265 23
265 44
265 65
265 86
265 107
265 128
265 149
265 170
265 191
265 212
265 233
265 254
265 275
265 296
265 317
265 338
265 359
265 380
265 401
265 422
265 443
265 464
265 485
265 506
265 527
265 548
265 569
265 590
265 611
265 632
265 653
265 674
265 695
265 716
265 737
265 758
265 779
265 800
265 821
265 842
265 863
265 884
265 905
265 926
265 947
265 968
265 989
276 2
276 23
276 44
276 65
276 86
276 107
276 128
276 149
276 170
276 191
276 212
276 233
276 254
276 275
276 296
276 317
276 338
276 359
276 380
276 401
276 422
276 443
276 464
276 485
276 506
276 527
276 548
276 569
276 590
276 611
276 632
276 653
276 674
276 695
276 716
276 737
276 758
276 779
276 800
276 821
276 842
276 863
276 884
276 905
276 926
276 947
276 968
276 989
287 2
287 23
287 44
287 65
287 86
287 107
287 128
287 149
287 170
287 191
287 212
287 233
287 254
287 275
287 296
287 317
287 338
287 359
287 380
287 401
287 422
287 443
287 464
287 485
287 506
287 527
287 548
287 569
287 590
287 611
287 632
287 653
287 674
287 695
287 716
287 737
287 758
287 779
287 800
287 821
287 842
287 863
287 884
287 905
287 926
287 947
287 968
287 989
298 2
298 23
298 44
298 65
298 86
298 107
298 128
298 149
298 170
298 191
298 212
298 233
298 254
298 275
298 296
298 317
298 338
298 359
298 380
298 401
298 422
298 443
298 464
298 485
298 506
298 527
298 548
298 569
298 590
298 611
298 632
298 653
298 674
298 695
298 716
298 737
298 758
298 779
298 800
298 821
298 842
298 863
298 884
298 905
298 926
298 947
298 968
298 989
309 2
309 23
309 44
309 65
309 86
309 107
309 128
309 149
309 170
309 191
309 212
309 233
309 254
309 275
309 296
309 317
309 338
309 359
309 380
309 401
309 422
309 443
309 464
309 485
309 506
309 527
309 548
309 569
309 590
309 611
309 632
309 653
309 674
309 695
309 716
309 737
309 758
309 779
309 800
309 821
309 842
309 863
309 884
309 905
309 926
309 947
309 968
309 989
320 2
320 23
320 44
320 65
320 86
320 107
320 128
320 149
320 170
320 191
320 212
320 233
320 254
320 275
320 296
320 317
320 338
320 359
320 380
320 401
320 422
320 443
320 464
320 485
320 506
320 527
320 548
320 569
320 590
320 611
320 632
320 653
320 674
320 695
320 716
320 737
320 758
320 779
320 800
320 821
320 842
320 863
320 884
320 905
320 926
320 947
320 968
320 989
331 2
331 23
331 44
331 65
331 86
331 107
331 128
331 149
331 170
331 191
331 212
331 233
331 254
331 275
331 296
331 317
331 338
331 359
331 380
331 401
331 422
331 443
331 464
331 485
331 506
331 527
331 548
331 569
331 590
331 611
331 632
331 653
331 674
331 695
331 716
331 737
331 758
331 779
331 800
331 821
331 842
331 863
331 884
331 905
331 926
331 947
331 968
331 989
342 2
342 23
342 44
342 65
342 86
342 107
342 128
342 149
342 170
342 191
342 212
342 233
342 254
342 275
342 296
342 317
342 338
342 359
342 380
342 401
342 422
342 443
342 464
342 485
342 506
342 527
342 548
342 569
342 590
342 611
342 632
342 653
342 674
342 695
342 716
342 737
342 758
342 779
342 800
342 821
342 842
342 863
342 884
342 905
342 926
342 947
342 968
342 989
353 2
353 23
353 44
353 65
353 86
353 107
353 128
353 149
353 170
353 191
353 212
353 233
353 254
353 275
353 296
353 317
353 338
353 359
353 380
353 401
353 422
353 443
353 464
353 485
353 506
353 527
353 548
353 569
353 590
353 611
353 632
353 653
353 674
353 695
353 716
353 737
353 758
353 779
353 800
353 821
353 842
353 863
353 884
353 905
353 926
353 947
353 968
353 989
364 2
364 23
364 44
364 65
364 86
364 107
364 128
364 149
364 170
364 191
364 212
364 233
364 254
364 275
364 296
364 317
364 338
364 359
364 380
364 401
364 422
364 443
364 464
364 485
364 506
364 527
364 548
364 569
364 590
364 611
364 632
364 653
364 674
364 695
364 716
364 737
364 758
364 779
364 800
364 821
364 842
364 863
364 884
364 905
364 926
364 947
364 968
364 989
375 2
375 23
375 44
375 65
375 86
375 107
375 128
375 149
375 170
375 191
375 212
375 233
375 254
375 275
375 296
375 317
375 338
375 359
375 380
375 401
375 422
375 443
375 464
375 485
375 506
375 527
375 548
375 569
375 590
375 611
375 632
375 653
375 674
375 695
375 716
375 737
375 758
375 779
375 800
375 821
375 842
375 863
375 884
375 905
375 926
375 947
375 968
375 989
386 2
386 23
386 44
386 65
386 86
386 107
386 128
386 149
386 170
386 191
386 212
386 233
386 254
386 275
386 296
386 317
386 338
386 359
386 380
386 401
386 422
386 443
386 464
386 485
386 506
386 527
386 548
386 569
386 590
386 611
386 632
386 653
386 674
386 695
386 716
386 737
386 758
386 779
386 800
386 821
386 842
386 863
386 884
386 905
386 926
386 947
386 968
386 989
397 2
397 23
397 44
397 65
397 86
397 107
397 128
397 149
397 170
397 191
397 212
397 233
397 254
397 275
397 296
397 317
397 338
397 359
397 380
397 401
397 422
397 443
397 464
397 485
397 506
397 527
397 548
397 569
397 590
397 611
397 632
397 653
397 674
397 695
397 716
397 737
397 758
397 779
397 800
397 821
397 842
397 863
397 884
397 905
397 926
397 947
397 968
397 989
408 2
408 23
408 44
408 65
408 86
408 107
408 128
408 149
408 170
408 191
408 212
408 233
408 254
408 275
408 296
408 317
408 338
408 359
408 380
408 401
408 422
408 443
408 464
408 485
408 506
408 527
408 548
408 569
408 590
408 611
408 632
408 653
408 674
408 695
408 716
408 737
408 758
408 779
408 800
408 821
408 842
408 863
408 884
408 905
408 926
408 947
408 968
408 989
419 2
419 23
419 44
419 65
419 86
419 107
419 128
419 149
419 170
419 191
419 212
419 233
419 254
419 275
419 296
419 317
419 338
419 359
419 380
419 401
419 422
419 443
419 464
419 485
419 506
419 527
419 548
419 569
419 590
419 611
419 632
419 653
419 674
419 695
419 716
419 737
419 758
419 779
419 800
419 821
419 842
419 863
419 884
419 905
419 926
419 947
419 968
419 989
430 2
430 23
430 44
430 65
430 86
430 107
430 128
430 149
430 170
430 191
430 212
430 233
430 254
430 275
430 296
430 317
430 338
430 359
430 380
430 401
430 422
430 443
430 464
430 485
430 506
430 527
430 548
430 569
430 590
430 611
430 632
430 653
430 674
430 695
430 716
430 737
430 758
430 779
430 800
430 821
430 842
430 863
430 884
430 905
430 926
430 947
430 968
430 989
441 2
441 23
441 44
441 65
441 86
441 107
441 128
441 149
441 170
441 191
441 212
441 233
441 254
441 275
441 296
441 317
441 338
441 359
441 380
441 401
441 422
441 443
441 464
441 485
441 506
441 527
441 548
441 569
441 590
441 611
441 632
441 653
441 674
441 695
441 716
441 737
441 758
441 779
441 800
441 821
441 842
441 863
441 884
441 905
441 926
441 947
441 968
441 989
452 2
452 23
452 44
452 65
452 86
452 107
452 128
452 149
452 170
452 191
452 212
452 233
452 254
452 275
452 296
452 317
452 338
452 359
452 380
452 401
452 422
452 443
452 464
452 485
452 506
452 527
452 548
452 569
452 590
452 611
452 632
452 653
452 674
452 695
452 716
452 737
452 758
452 779
452 800
452 821
452 842
452 863
452 884
452 905
452 926
452 947
452 968
452 989
463 2
463 23
463 44
463 65
463 86
463 107
463 128
463 149
463 170
463 191
463 212
463 233
463 254
463 275
463 296
463 317
463 338
463 359
463 380
463 401
463 422
463 443
463 464
463 485
463 506
463 527
463 548
463 569
463 590
463 611
463 632
463 653
463 674
463 695
463 716
463 737
463 758
463 779
463 800
463 821
463 842
463 863
463 884
463 905
463 926
463 947
463 968
463 989
474 2
474 23
474 44
474 65
474 86
474 107
474 128
474 149
474 170
474 191
474 212
474 233
474 254
474 275
474 296
474 317
474 338
474 359
474 380
474 401
474 422
474 443
474 464
474 485
474 506
474 527
474 548
474 569
474 590
474 611
474 632
474 653
474 674
474 695
474 716
474 737
474 758
474 779
474 800
474 821
474 842
474 863
474 884
474 905
474 926
474 947
474 968
474 989
485 2
485 23
485 44
485 65
485 86
485 107
485 128
485 149
485 170
485 191
485 212
485 233
485 254
485 275
485 296
485 317
485 338
485 359
485 380
485 401
485 422
485 443
485 464
485 485
485 506
485 527
485 548
485 569
485 590
485 611
485 632
485 653
485 674
485 695
485 716
485 737
485 758
485 779
485 800
485 821
485 842
485 863
485 884
485 905
485 926
485 947
485 968
485 989
496 2
496 23
496 44
496 65
496 86
496 107
496 128
496 149
496 170
496 191
496 212
496 233
496 254
496 275
496 296
496 317
496 338
496 359
496 380
496 401
496 422
496 443
496 464
496 485
496 506
496 527
496 548
496 569
496 590
496 611
496 632
496 653
496 674
496 695
496 716
496 737
496 758
496 779
496 800
496 821
496 842
496 863
496 884
496 905
496 926
496 947
496 968
496 989
507 2
507 23
507 44
507 65
507 86
507 107
507 128
507 149
507 170
507 191
507 212
507 233
507 254
507 275
507 296
507 317
507 338
507 359
507 380
507 401
507 422
507 443
507 464
507 485
507 506
507 527
507 548
507 569
507 590
507 611
507 632
507 653
507 674
507 695
507 716
507 737
507 758
507 779
507 800
507 821
507 842
507 863
507 884
507 905
507 926
507 947
507 968
507 989
518 2
518 23
518 44
518 65
518 86
518 107
518 128
518 149
518 170
518 191
518 212
518 233
518 254
518 275
518 296
518 317
518 338
518 359
518 380
518 401
518 422
518 443
518 464
518 485
518 506
518 527
518 548
518 569
518 590
518 611
518 632
518 653
518 674
518 695
518 716
518 737
518 758
518 779
518 800
518 821
518 842
518 863
518 884
518 905
518 926
518 947
518 968
518 989
529 2
529 23
529 44
529 65
529 86
529 107
529 128
529 149
529 170
529 191
529 212
529 233
529 254
529 275
529 296
529 317
529 338
529 359
529 380
529 401
529 422
529 443
529 464
529 485
529 506
529 527
529 548
529 569
529 590
529 611
529 632
529 653
529 674
529 695
529 716
529 737
529 758
529 779
529 800
529 821
529 842
529 863
529 884
529 905
529 926
529 947
529 968
529 989
540 2
540 23
540 44
540 65
540 86
540 107
540 128
540 149
540 170
540 191
540 212
540 233
540 254
540 275
540 296
540 317
540 338
540 359
540 380
540 401
540 422
540 443
540 464
540 485
540 506
540 527
540 548
540 569
540 590
540 611
540 632
540 653
540 674
540 695
540 716
540 737
540 758
540 779
540 800
540 821
540 842
540 863
540 884
540 905
540 926
540 947
540 968
540 989
551 2
551 23
551 44
551 65
551 86
551 107
551 128
551 149
551 170
551 191
551 212
551 233
551 254
551 275
551 296
551 317
551 338
551 359
551 380
551 401
551 422
551 443
551 464
551 485
551 506
551 527
551 548
551 569
551 590
551 611
551 632
551 653
551 674
551 695
551 716
551 737
551 758
551 779
551 800
551 821
551 842
551 863
551 884
551 905
551 926
551 947
551 968
551 989
562 2
562 23
562 44
562 65
562 86
562 107
562 128
562 149
562 170
562 191
562 212
562 233
562 254
562 275
562 296
562 317
562 338
562 359
562 380
562 401
562 422
562 443
562 464
562 485
562 506
562 527
562 548
562 569
562 590
562 611
562 632
562 653
562 674
562 695
562 716
562 737
562 758
562 779
562 800
562 821
562 842
562 863
562 884
562 905
562 926
562 947
562 968
562 989
573 2
573 23
573 44
573 65
573 86
573 107
573 128
573 149
573 170
573 191
573 212
573 233
573 254
573 275
573 296
573 317
573 338
573 359
573 380
573 401
573 422
573 443
573 464
573 485
573 506
573 527
573 548
573 569
573 590
573 611
573 632
573 653
573 674
573 695
573 716
573 737
573 758
573 779
573 800
573 821
573 842
573 863
573 884
573 905
573 926
573 947
573 968
573 989
584 2
584 23
584 44
584 65
584 86
584 107
584 128
584 149
584 170
584 191
584 212
584 233
584 254
584 275
584 296
584 317
584 338
584 359
584 380
584 401
584 422
584 443
584 464
584 485
584 506
584 527
584 548
584 569
584 590
584 611
584 632
584 653
584 674
584 695
584 716
584 737
584 758
584 779
584 800
584 821
584 842
584 863
584 884
584 905
584 926
584 947
584 968
584 989
595 2
595 23
595 44
595 65
595 86
595 107
595 128
595 149
595 170
595 191
595 212
595 233
595 254
595 275
595 296
595 317
595 338
595 359
595 380
595 401
595 422
595 443
595 464
595 485
595 506
595 527
595 548
595 569
595 590
595 611
595 632
595 653
595 674
595 695
595 716
595 737
595 758
595 779
595 800
595 821
595 842
595 863
595 884
595 905
595 926
595 947
595 968
595 989
606 2
606 23
606 44
606 65
606 86
606 107
606 128
606 149
606 170
606 191
606 212
606 233
606 254
606 275
606 296
606 317
606 338
606 359
606 380
606 401
606 422
606 443
606 464
606 485
606 506
606 527
606 548
606 569
606 590
606 611
606 632
606 653
606 674
606 695
606 716
606 737
606 758
606 779
606 800
606 821
606 842
606 863
606 884
606 905
606 926
606 947
606 968
606 989
617 2
617 23
617 44
617 65
617 86
617 107
617 128
617 149
617 170
617 191
617 212
617 233
617 254
617 275
617 296
617 317
617 338
617 359
617 380
617 401
617 422
617 443
617 464
617 485
617 506
617 527
617 548
617 569
617 590
617 611
617 632
617 653
617 674
617 695
617 716
617 737
617 758
617 779
617 800
617 821
617 842
617 863
617 884
617 905
617 926
617 947
617 968
617 989
628 2
628 23
628 44
628 65
628 86
628 107
628 128
628 149
628 170
628 191
628 212
628 233
628 254
628 275
628 296
628 317
628 338
628 359
628 380
628 401
628 422
628 443
628 464
628 485
628 506
628 527
628 548
628 569
628 590
628 611
628 632
628 653
628 674
628 695
628 716
628 737
628 758
628 779
628 800
628 821
628 842
628 863
628 884
628 905
628 926
628 947
628 968
628 989
639 2
639 23
639 44
639 65
639 86
639 107
639 128
639 149
639 170
639 191
639 212
639 233
639 254
639 275
639 296
639 317
639 338
639 359
639 380
639 401
639 422
639 443
639 464
639 485
639 506
639 527
639 548
639 569
639 590
639 611
639 632
639 653
639 674
639 695
639 716
639 737
639 758
639 779
639 800
639 821
639 842
639 863
639 884
639 905
639 926
639 947
639 968
639 989
650 2
650 23
650 44
650 65
650 86
650 107
650 128
650 149
650 170
650 191
650 212
650 233
650 254
650 275
650 296
650 317
650 338
650 359
650 380
650 401
650 422
650 443
650 464
650 485
650 506
650 527
650 548
650 569
650 590
650 611
650 632
650 653
650 674
650 695
650 716
650 737
650 758
650 779
650 800
650 821
650 842
650 863
650 884
650 905
650 926
650 947
650 968
650 989
661 2
661 23
661 44
661 65
661 86
661 107
661 128
661 149
661 170
661 191
661 212
661 233
661 254
661 275
661 296
661 317
661 338
661 359
661 380
661 401
661 422
661 443
661 464
661 485
661 506
661 527
661 548
661 569
661 590
661 611
661 632
661 653
661 674
661 695
661 716
661 737
661 758
661 779
661 800
661 821
661 842
661 863
661 884
661 905
661 926
661 947
661 968
661 989
672 2
672 23
672 44
672 65
672 86
672 107
672 128
672 149
672 170
672 191
672 212
672 233
672 254
672 275
672 296
672 317
672 338
672 359
672 380
672 401
672 422
672 443
672 464
672 485
672 506
672 527
672 548
672 569
672 590
672 611
672 632
672 653
672 674
672 695
672 716
672 737
672 758
672 779
672 800
672 821
672 842
672 863
672 884
672 905
672 926
672 947
672 968
672 989
683 2
683 23
683 44
683 65
683 86
683 107
683 128
683 149
683 170
683 191
683 212
683 233
683 254
683 275
683 296
683 317
683 338
683 359
683 380
683 401
683 422
683 443
683 464
683 485
683 506
683 527
683 548
683 569
683 590
683 611
683 632
683 653
683 674
683 695
683 716
683 737
683 758
683 779
683 800
683 821
683 842
683 863
683 884
683 905
683 926
683 947
683 968
683 989
694 2
694 23
694 44
694 65
694 86
694 107
694 128
694 149
694 170
694 191
694 212
694 233
694 254
694 275
694 296
694 317
694 338
694 359
694 380
694 401
694 422
694 443
694 464
694 485
694 506
694 527
694 548
694 569
694 590
694 611
694 632
694 653
694 674
694 695
694 716
694 737
694 758
694 779
694 800
694 821
694 842
694 863
694 884
694 905
694 926
694 947
694 968
694 989
705 2
705 23
705 44
705 65
705 86
705 107
705 128
705 149
705 170
705 191
705 212
705 233
705 254
705 275
705 296
705 317
705 338
705 359
705 380
705 401
705 422
705 443
705 464
705 485
705 506
705 527
705 548
705 569
705 590
705 611
705 632
705 653
705 674
705 695
705 716
705 737
705 758
705 779
705 800
705 821
705 842
705 863
705 884
705 905
705 926
705 947
705 968
705 989
716 2
716 23
716 44
716 65
716 86
716 107
716 128
716 149
716 170
716 191
716 212
716 233
716 254
716 275
716 296
716 317
716 338
716 359
716 380
716 401
716 422
716 443
716 464
716 485
716 506
716 527
716 548
716 569
716 590
716 611
716 632
716 653
716 674
716 695
716 716
716 737
716 758
716 779
716 800
716 821
716 842
716 863
716 884
716 905
716 926
716 947
716 968
716 989
727 2
727 23
727 44
727 65
727 86
727 107
727 128
727 149
727 170
727 191
727 212
727 233
727 254
727 275
727 296
727 317
727 338
727 359
727 380
727 401
727 422
727 443
727 464
727 485
727 506
727 527
727 548
727 569
727 590
727 611
727 632
727 653
727 674
727 695
727 716
727 737
727 758
727 779
727 800
727 821
727 842
727 863
727 884
727 905
727 926
727 947
727 968
727 989
738 2
738 23
738 44
738 65
738 86
738 107
738 128
738 149
738 170
738 191
738 212
738 233
738 254
738 275
738 296
738 317
738 338
738 359
738 380
738 401
738 422
738 443
738 464
738 485
738 506
738 527
738 548
738 569
738 590
738 611
738 632
738 653
738 674
738 695
738 716
738 737
738 758
738 779
738 800
738 821
738 842
738 863
738 884
738 905
738 926
738 947
738 968
738 989
749 2
749 23
749 44
749 65
749 86
749 107
749 128
749 149
749 170
749 191
749 212
749 233
749 254
749 275
749 296
749 317
749 338
749 359
749 380
749 401
749 422
749 443
749 464
749 485
749 506
749 527
749 548
749 569
749 590
749 611
749 632
749 653
749 674
749 695
749 716
749 737
749 758
749 779
749 800
749 821
749 842
749 863
749 884
749 905
749 926
749 947
749 968
749 989
760 2
760 23
760 44
760 65
760 86
760 107
760 128
760 149
760 170
760 191
760 212
760 233
760 254
760 275
760 296
760 317
760 338
760 359
760 380
760 401
760 422
760 443
760 464
760 485
760 506
760 527
760 548
760 569
760 590
760 611
760 632
760 653
760 674
760 695
760 716
760 737
760 758
760 779
760 800
760 821
760 842
760 863
760 884
760 905
760 926
760 947
760 968
760 989
771 2
771 23
771 44
771 65
771 86
771 107
771 128
771 149
771 170
771 191
771 212
771 233
771 254
771 275
771 296
771 317
771 338
771 359
771 380
771 401
771 422
771 443
771 464
771 485
771 506
771 527
771 548
771 569
771 590
771 611
771 632
771 653
771 674
771 695
771 716
771 737
771 758
771 779
771 800
771 821
771 842
771 863
771 884
771 905
771 926
771 947
771 968
771 989
782 2
782 23
782 44
782 65
782 86
782 107
782 128
782 149
782 170
782 191
782 212
782 233
782 254
782 275
782 296
782 317
782 338
782 359
782 380
782 401
782 422
782 443
782 464
782 485
782 506
782 527
782 548
782 569
782 590
782 611
782 632
782 653
782 674
782 695
782 716
782 737
782 758
782 779
782 800
782 821
782 842
782 863
782 884
782 905
782 926
782 947
782 968
782 989
793 2
793 23
793 44
793 65
793 86
793 107
793 128
793 149
793 170
793 191
793 212
793 233
793 254
793 275
793 296
793 317
793 338
793 359
793 380
793 401
793 422
793 443
793 464
793 485
793 506
793 527
793 548
793 569
793 590
793 611
793 632
793 653
793 674
793 695
793 716
793 737
793 758
793 779
793 800
793 821
793 842
793 863
793 884
793 905
793 926
793 947
793 968
793 989
804 2
804 23
804 44
804 65
804 86
804 107
804 128
804 149
804 170
804 191
804 212
804 233
804 254
804 275
804 296
804 317
804 338
804 359
804 380
804 401
804 422
804 443
804 464
804 485
804 506
804 527
804 548
804 569
804 590
804 611
804 632
804 653
804 674
804 695
804 716
804 737
804 758
804 779
804 800
804 821
804 842
804 863
804 884
804 905
804 926
804 947
804 968
804 989
815 2
815 23
815 44
815 65
815 86
815 107
815 128
815 149
815 170
815 191
815 212
815 233
815 254
815 275
815 296
815 317
815 338
815 359
815 380
815 401
815 422
815 443
815 464
815 485
815 506
815 527
815 548
815 569
815 590
815 611
815 632
815 653
815 674
815 695
815 716
815 737
815 758
815 779
815 800
815 821
815 842
815 863
815 884
815 905
815 926
815 947
815 968
815 989
826 2
826 23
826 44
826 65
826 86
826 107
826 128
826 149
826 170
826 191
826 212
826 233
826 254
826 275
826 296
826 317
826 338
826 359
826 380
826 401
826 422
826 443
826 464
826 485
826 506
826 527
826 548
826 569
826 590
826 611
826 632
826 653
826 674
826 695
826 716
826 737
826 758
826 779
826 800
826 821
826 842
826 863
826 884
826 905
826 926
826 947
826 968
826 989
837 2
837 23
837 44
837 65
837 86
837 107
837 128
837 149
837 170
837 191
837 212
837 233
837 254
837 275
837 296
837 317
837 338
837 359
837 380
837 401
837 422
837 443
837 464
837 485
837 506
837 527
837 548
837 569
837 590
837 611
837 632
837 653
837 674
837 695
837 716
837 737
837 758
837 779
837 800
837 821
837 842
837 863
837 884
837 905
837 926
837 947
837 968
837 989
848 2
848 23
848 44
848 65
848 86
848 107
848 128
848 149
848 170
848 191
848 212
848 233
848 254
848 275
848 296
848 317
848 338
848 359
848 380
848 401
848 422
848 443
848 464
848 485
848 506
848 527
848 548
848 569
848 590
848 611
848 632
848 653
848 674
848 695
848 716
848 737
848 758
848 779
848 800
848 821
848 842
848 863
848 884
848 905
848 926
848 947
848 968
848 989
859 2
859 23
859 44
859 65
859 86
859 107
859 128
859 149
859 170
859 191
859 212
859 233
859 254
859 275
859 296
859 317
859 338
859 359
859 380
859 401
859 422
859 443
859 464
859 485
859 506
859 527
859 548
859 569
859 590
859 611
859 632
859 653
859 674
859 695
859 716
859 737
859 758
859 779
859 800
859 821
859 842
859 863
859 884
859 905
859 926
859 947
859 968
859 989
870 2
870 23
870 44
870 65
870 86
870 107
870 128
870 149
870 170
870 191
870 212
870 233
870 254
870 275
870 296
870 317
870 338
870 359
870 380
870 401
870 422
870 443
870 464
870 485
870 506
870 527
870 548
870 569
870 590
870 611
870 632
870 653
870 674
870 695
870 716
870 737
870 758
870 779
870 800
870 821
870 842
870 863
870 884
870 905
870 926
870 947
870 968
870 989
881 2
881 23
881 44
881 65
881 86
881 107
881 128
881 149
881 170
881 191
881 212
881 233
881 254
881 275
881 296
881 317
881 338
881 359
881 380
881 401
881 422
881 443
881 464
881 485
881 506
881 527
881 548
881 569
881 590
881 611
881 632
881 653
881 674
881 695
881 716
881 737
881 758
881 779
881 800
881 821
881 842
881 863
881 884
881 905
881 926
881 947
881 968
881 989
892 2
892 23
892 44
892 65
892 86
892 107
892 128
892 149
892 170
892 191
892 212
892 233
892 254
892 275
892 296
892 317
892 338
892 359
892 380
892 401
892 422
892 443
892 464
892 485
892 506
892 527
892 548
892 569
892 590
892 611
892 632
892 653
892 674
892 695
892 716
892 737
892 758
892 779
892 800
892 821
892 842
892 863
892 884
892 905
892 926
892 947
892 968
892 989
903 2
903 23
903 44
903 65
903 86
903 107
903 128
903 149
903 170
903 191
903 212
903 233
903 254
903 275
903 296
903 317
903 338
903 359
903 380
903 401
903 422
903 443
903 464
903 485
903 506
903 527
903 548
903 569
903 590
903 611
903 632
903 653
903 674
903 695
903 716
903 737
903 758
903 779
903 800
903 821
903 842
903 863
903 884
903 905
903 926
903 947
903 968
903 989
914 2
914 23
914 44
914 65
914 86
914 107
914 128
914 149
914 170
914 191
914 212
914 233
914 254
914 275
914 296
914 317
914 338
914 359
914 380
914 401
914 422
914 443
914 464
914 485
914 506
914 527
914 548
914 569
914 590
914 611
914 632
914 653
914 674
914 695
914 716
914 737
914 758
914 779
914 800
914 821
914 842
914 863
914 884
914 905
914 926
914 947
914 968
914 989
925 2
925 23
925 44
925 65
925 86
925 107
925 128
925 149
925 170
925 191
925 212
925 233
925 254
925 275
925 296
925 317
925 338
925 359
925 380
925 401
925 422
925 443
925 464
925 485
925 506
925 527
925 548
925 569
925 590
925 611
925 632
925 653
925 674
925 695
925 716
925 737
925 758
925 779
925 800
925 821
925 842
925 863
925 884
925 905
925 926
925 947
925 968
925 989
936 2
936 23
936 44
936 65
936 86
936 107
936 128
936 149
936 170
936 191
936 212
936 233
936 254
936 275
936 296
936 317
936 338
936 359
936 380
936 401
936 422
936 443
936 464
936 485
936 506
936 527
936 548
936 569
936 590
936 611
936 632
936 653
936 674
936 695
936 716
936 737
936 758
936 779
936 800
936 821
936 842
936 863
936 884
936 905
936 926
936 947
936 968
936 989
947 2
947 23
947 44
947 65
947 86
947 107
947 128
947 149
947 170
947 191
947 212
947 233
947 254
947 275
947 296
947 317
947 338
947 359
947 380
947 401
947 422
947 443
947 464
947 485
947 506
947 527
947 548
947 569
947 590
947 611
947 632
947 653
947 674
947 695
947 716
947 737
947 758
947 779
947 800
947 821
947 842
947 863
947 884
947 905
947 926
947 947
947 968
947 989
958 2
958 23
958 44
958 65
958 86
958 107
958 128
958 149
958 170
958 191
958 212
958 233
958 254
958 275
958 296
958 317
958 338
958 359
958 380
958 401
958 422
958 443
958 464
958 485
958 506
958 527
958 548
958 569
958 590
958 611
958 632
958 653
958 674
958 695
958 716
958 737
958 758
958 779
958 800
958 821
958 842
958 863
958 884
958 905
958 926
958 947
958 968
958 989
969 2
969 23
969 44
969 65
969 86
969 107
969 128
969 149
969 170
969 191
969 212
969 233
969 254
969 275
969 296
969 317
969 338
969 359
969 380
969 401
969 422
969 443
969 464
969 485
969 506
969 527
969 548
969 569
969 590
969 611
969 632
969 653
969 674
969 695
969 716
969 737
969 758
969 779
969 800
969 821
969 842
969 863
969 884
969 905
969 926
969 947
969 968
969 989
980 2
980 23
980 44
980 65
980 86
980 107
980 128
980 149
980 170
980 191
980 212
980 233
980 254
980 275
980 296
980 317
980 338
980 359
980 380
980 401
980 422
980 443
980 464
980 485
980 506
980 527
980 548
980 569
980 590
980 611
980 632
980 653
980 674
980 695
980 716
980 737
980 758
980 779
980 800
980 821
980 842
980 863
980 884
980 905
980 926
980 947
980 968
980 989
991 2
991 23
991 44
991 65
991 86
991 107
991 128
991 149
991 170
991 191
991 212
991 233
991 254
991 275
991 296
991 317
991 338
991 359
991 380
991 401
991 422
991 443
991 464
991 485
991 506
991 527
991 548
991 569
991 590
991 611
991 632
991 653
991 674
991 695
991 716
991 737
991 758
991 779
991 800
991 821
991 842
991 863
991 884
991 905
991 926
991 947
991 968
991 989
