2
1859273890
4096
1821281559
2
1861383916
16384
263597899
128
375543662
512
1978740899
128
2060779784
2048
1256308027
128
1399828179
64
258975215
4096
274937315
16384
640784429
2048
440708145
16
871673518
16
1528067291
16
1112911688
8192
836076024
1024
276684936
4
66777676
1024
1607104749
8
1210022389
908282515
2048
199938753
512
2129490918
8192
900031951
1589920112
64
1570464134
256
2116302677
614397868
256
1442771261
512
391694899
2048
1234839044
8192
1194908901
32
1777747215
128
2051806815
4
1704007915
4096
528246669
8192
90180435
8192
481913677
1024
180468708
256
313170190
32
409431247
1024
1853609714
2
1747322957
16
1218742824
32
315505445
16384
1450809871
16
690724999
914384821
4096
1759921702
256
1558356884
1024
1933053545
256
1781252753
32
667305328
128
2095421685
2
1497628411
8
470679209
256
2144742553
32
137826286
128
497329209
2048
639708784
16384
819523187
32
215695495
64
441270132
2048
1831236753
4096
1948788304
512
1370154157
4
1181229895
128
1610108534
256
1119606044
128
548825612
128
1819154800
2
229326817
1196310096
512
1413511919
1723722215
8
358990311
16384
1996255710
2
1906009940
32
1704766122
2
343750382
256
684389387
512
1092945332
4096
570344153
512
1566670858
128
2113616791
12217357
8
987517643
16384
1454218000
64
608697278
2
1729983396
32
625983326
4096
580697599
8
516175865
4
764797583
512
1928986938
1024
1579529117
4096
674968856
4096
184028312
16
1080561021
