1 1
14 1
27 1
27 16
40 1
40 16
40 31
53 1
53 16
53 31
53 46
66 1
66 16
66 31
66 46
66 61
79 1
79 16
79 31
79 46
79 61
79 76
92 1
92 16
92 31
92 46
92 61
92 76
92 91
105 1
105 16
105 31
105 46
105 61
105 76
105 91
118 1
118 16
118 31
118 46
118 61
118 76
118 91
118 106
131 1
131 16
131 31
131 46
131 61
131 76
131 91
131 106
131 121
144 1
144 16
144 31
144 46
144 61
144 76
144 91
144 106
144 121
144 136
157 1
157 16
157 31
157 46
157 61
157 76
157 91
157 106
157 121
157 136
157 151
170 1
170 16
170 31
170 46
170 61
170 76
170 91
170 106
170 121
170 136
170 151
170 166
183 1
183 16
183 31
183 46
183 61
183 76
183 91
183 106
183 121
183 136
183 151
183 166
183 181
196 1
196 16
196 31
196 46
196 61
196 76
196 91
196 106
196 121
196 136
196 151
196 166
196 181
196 196
209 1
209 16
209 31
209 46
209 61
209 76
209 91
209 106
209 121
209 136
209 151
209 166
209 181
209 196
222 1
222 16
222 31
222 46
222 61
222 76
222 91
222 106
222 121
222 136
222 151
222 166
222 181
222 196
222 211
235 1
235 16
235 31
235 46
235 61
235 76
235 91
235 106
235 121
235 136
235 151
235 166
235 181
235 196
235 211
235 226
248 1
248 16
248 31
248 46
248 61
248 76
248 91
248 106
248 121
248 136
248 151
248 166
248 181
248 196
248 211
248 226
248 241
261 1
261 16
261 31
261 46
261 61
261 76
261 91
261 106
261 121
261 136
261 151
261 166
261 181
261 196
261 211
261 226
261 241
261 256
274 1
274 16
274 31
274 46
274 61
274 76
274 91
274 106
274 121
274 136
274 151
274 166
274 181
274 196
274 211
274 226
274 241
274 256
274 271
287 1
287 16
287 31
287 46
287 61
287 76
287 91
287 106
287 121
287 136
287 151
287 166
287 181
287 196
287 211
287 226
287 241
287 256
287 271
287 286
300 1
300 16
300 31
300 46
300 61
300 76
300 91
300 106
300 121
300 136
300 151
300 166
300 181
300 196
300 211
300 226
300 241
300 256
300 271
300 286
313 1
313 16
313 31
313 46
313 61
313 76
313 91
313 106
313 121
313 136
313 151
313 166
313 181
313 196
313 211
313 226
313 241
313 256
313 271
313 286
313 301
326 1
326 16
326 31
326 46
326 61
326 76
326 91
326 106
326 121
326 136
326 151
326 166
326 181
326 196
326 211
326 226
326 241
326 256
326 271
326 286
326 301
326 316
339 1
339 16
339 31
339 46
339 61
339 76
339 91
339 106
339 121
339 136
339 151
339 166
339 181
339 196
339 211
339 226
339 241
339 256
339 271
339 286
339 301
339 316
339 331
352 1
352 16
352 31
352 46
352 61
352 76
352 91
352 106
352 121
352 136
352 151
352 166
352 181
352 196
352 211
352 226
352 241
352 256
352 271
352 286
352 301
352 316
352 331
352 346
365 1
365 16
365 31
365 46
365 61
365 76
365 91
365 106
365 121
365 136
365 151
365 166
365 181
365 196
365 211
365 226
365 241
365 256
365 271
365 286
365 301
365 316
365 331
365 346
365 361
378 1
378 16
378 31
378 46
378 61
378 76
378 91
378 106
378 121
378 136
378 151
378 166
378 181
378 196
378 211
378 226
378 241
378 256
378 271
378 286
378 301
378 316
378 331
378 346
378 361
378 376
391 1
391 16
391 31
391 46
391 61
391 76
391 91
391 106
391 121
391 136
391 151
391 166
391 181
391 196
391 211
391 226
391 241
391 256
391 271
391 286
391 301
391 316
391 331
391 346
391 361
391 376
391 391
404 1
404 16
404 31
404 46
404 61
404 76
404 91
404 106
404 121
404 136
404 151
404 166
404 181
404 196
404 211
404 226
404 241
404 256
404 271
404 286
404 301
404 316
404 331
404 346
404 361
404 376
404 391
417 1
417 16
417 31
417 46
417 61
417 76
417 91
417 106
417 121
417 136
417 151
417 166
417 181
417 196
417 211
417 226
417 241
417 256
417 271
417 286
417 301
417 316
417 331
417 346
417 361
417 376
417 391
417 406
430 1
430 16
430 31
430 46
430 61
430 76
430 91
430 106
430 121
430 136
430 151
430 166
430 181
430 196
430 211
430 226
430 241
430 256
430 271
430 286
430 301
430 316
430 331
430 346
430 361
430 376
430 391
430 406
430 421
443 1
443 16
443 31
443 46
443 61
443 76
443 91
443 106
443 121
443 136
443 151
443 166
443 181
443 196
443 211
443 226
443 241
443 256
443 271
443 286
443 301
443 316
443 331
443 346
443 361
443 376
443 391
443 406
443 421
443 436
456 1
456 16
456 31
456 46
456 61
456 76
456 91
456 106
456 121
456 136
456 151
456 166
456 181
456 196
456 211
456 226
456 241
456 256
456 271
456 286
456 301
456 316
456 331
456 346
456 361
456 376
456 391
456 406
456 421
456 436
456 451
469 1
469 16
469 31
469 46
469 61
469 76
469 91
469 106
469 121
469 136
469 151
469 166
469 181
469 196
469 211
469 226
469 241
469 256
469 271
469 286
469 301
469 316
469 331
469 346
469 361
469 376
469 391
469 406
469 421
469 436
469 451
469 466
482 1
482 16
482 31
482 46
482 61
482 76
482 91
482 106
482 121
482 136
482 151
482 166
482 181
482 196
482 211
482 226
482 241
482 256
482 271
482 286
482 301
482 316
482 331
482 346
482 361
482 376
482 391
482 406
482 421
482 436
482 451
482 466
482 481
495 1
495 16
495 31
495 46
495 61
495 76
495 91
495 106
495 121
495 136
495 151
495 166
495 181
495 196
495 211
495 226
495 241
495 256
495 271
495 286
495 301
495 316
495 331
495 346
495 361
495 376
495 391
495 406
495 421
495 436
495 451
495 466
495 481
508 1
508 16
508 31
508 46
508 61
508 76
508 91
508 106
508 121
508 136
508 151
508 166
508 181
508 196
508 211
508 226
508 241
508 256
508 271
508 286
508 301
508 316
508 331
508 346
508 361
508 376
508 391
508 406
508 421
508 436
508 451
508 466
508 481
508 496
521 1
521 16
521 31
521 46
521 61
521 76
521 91
521 106
521 121
521 136
521 151
521 166
521 181
521 196
521 211
521 226
521 241
521 256
521 271
521 286
521 301
521 316
521 331
521 346
521 361
521 376
521 391
521 406
521 421
521 436
521 451
521 466
521 481
521 496
521 511
534 1
534 16
534 31
534 46
534 61
534 76
534 91
534 106
534 121
534 136
534 151
534 166
534 181
534 196
534 211
534 226
534 241
534 256
534 271
534 286
534 301
534 316
534 331
534 346
534 361
534 376
534 391
534 406
534 421
534 436
534 451
534 466
534 481
534 496
534 511
534 526
547 1
547 16
547 31
547 46
547 61
547 76
547 91
547 106
547 121
547 136
547 151
547 166
547 181
547 196
547 211
547 226
547 241
547 256
547 271
547 286
547 301
547 316
547 331
547 346
547 361
547 376
547 391
547 406
547 421
547 436
547 451
547 466
547 481
547 496
547 511
547 526
547 541
560 1
560 16
560 31
560 46
560 61
560 76
560 91
560 106
560 121
560 136
560 151
560 166
560 181
560 196
560 211
560 226
560 241
560 256
560 271
560 286
560 301
560 316
560 331
560 346
560 361
560 376
560 391
560 406
560 421
560 436
560 451
560 466
560 481
560 496
560 511
560 526
560 541
560 556
573 1
573 16
573 31
573 46
573 61
573 76
573 91
573 106
573 121
573 136
573 151
573 166
573 181
573 196
573 211
573 226
573 241
573 256
573 271
573 286
573 301
573 316
573 331
573 346
573 361
573 376
573 391
573 406
573 421
573 436
573 451
573 466
573 481
573 496
573 511
573 526
573 541
573 556
573 571
586 1
586 16
586 31
586 46
586 61
586 76
586 91
586 106
586 121
586 136
586 151
586 166
586 181
586 196
586 211
586 226
586 241
586 256
586 271
586 286
586 301
586 316
586 331
586 346
586 361
586 376
586 391
586 406
586 421
586 436
586 451
586 466
586 481
586 496
586 511
586 526
586 541
586 556
586 571
586 586
599 1
599 16
599 31
599 46
599 61
599 76
599 91
599 106
599 121
599 136
599 151
599 166
599 181
599 196
599 211
599 226
599 241
599 256
599 271
599 286
599 301
599 316
599 331
599 346
599 361
599 376
599 391
599 406
599 421
599 436
599 451
599 466
599 481
599 496
599 511
599 526
599 541
599 556
599 571
599 586
612 1
612 16
612 31
612 46
612 61
612 76
612 91
612 106
612 121
612 136
612 151
612 166
612 181
612 196
612 211
612 226
612 241
612 256
612 271
612 286
612 301
612 316
612 331
612 346
612 361
612 376
612 391
612 406
612 421
612 436
612 451
612 466
612 481
612 496
612 511
612 526
612 541
612 556
612 571
612 586
612 601
625 1
625 16
625 31
625 46
625 61
625 76
625 91
625 106
625 121
625 136
625 151
625 166
625 181
625 196
625 211
625 226
625 241
625 256
625 271
625 286
625 301
625 316
625 331
625 346
625 361
625 376
625 391
625 406
625 421
625 436
625 451
625 466
625 481
625 496
625 511
625 526
625 541
625 556
625 571
625 586
625 601
625 616
638 1
638 16
638 31
638 46
638 61
638 76
638 91
638 106
638 121
638 136
638 151
638 166
638 181
638 196
638 211
638 226
638 241
638 256
638 271
638 286
638 301
638 316
638 331
638 346
638 361
638 376
638 391
638 406
638 421
638 436
638 451
638 466
638 481
638 496
638 511
638 526
638 541
638 556
638 571
638 586
638 601
638 616
638 631
651 1
651 16
651 31
651 46
651 61
651 76
651 91
651 106
651 121
651 136
651 151
651 166
651 181
651 196
651 211
651 226
651 241
651 256
651 271
651 286
651 301
651 316
651 331
651 346
651 361
651 376
651 391
651 406
651 421
651 436
651 451
651 466
651 481
651 496
651 511
651 526
651 541
651 556
651 571
651 586
651 601
651 616
651 631
651 646
664 1
664 16
664 31
664 46
664 61
664 76
664 91
664 106
664 121
664 136
664 151
664 166
664 181
664 196
664 211
664 226
664 241
664 256
664 271
664 286
664 301
664 316
664 331
664 346
664 361
664 376
664 391
664 406
664 421
664 436
664 451
664 466
664 481
664 496
664 511
664 526
664 541
664 556
664 571
664 586
664 601
664 616
664 631
664 646
664 661
677 1
677 16
677 31
677 46
677 61
677 76
677 91
677 106
677 121
677 136
677 151
677 166
677 181
677 196
677 211
677 226
677 241
677 256
677 271
677 286
677 301
677 316
677 331
677 346
677 361
677 376
677 391
677 406
677 421
677 436
677 451
677 466
677 481
677 496
677 511
677 526
677 541
677 556
677 571
677 586
677 601
677 616
677 631
677 646
677 661
677 676
690 1
690 16
690 31
690 46
690 61
690 76
690 91
690 106
690 121
690 136
690 151
690 166
690 181
690 196
690 211
690 226
690 241
690 256
690 271
690 286
690 301
690 316
690 331
690 346
690 361
690 376
690 391
690 406
690 421
690 436
690 451
690 466
690 481
690 496
690 511
690 526
690 541
690 556
690 571
690 586
690 601
690 616
690 631
690 646
690 661
690 676
703 1
703 16
703 31
703 46
703 61
703 76
703 91
703 106
703 121
703 136
703 151
703 166
703 181
703 196
703 211
703 226
703 241
703 256
703 271
703 286
703 301
703 316
703 331
703 346
703 361
703 376
703 391
703 406
703 421
703 436
703 451
703 466
703 481
703 496
703 511
703 526
703 541
703 556
703 571
703 586
703 601
703 616
703 631
703 646
703 661
703 676
703 691
716 1
716 16
716 31
716 46
716 61
716 76
716 91
716 106
716 121
716 136
716 151
716 166
716 181
716 196
716 211
716 226
716 241
716 256
716 271
716 286
716 301
716 316
716 331
716 346
716 361
716 376
716 391
716 406
716 421
716 436
716 451
716 466
716 481
716 496
716 511
716 526
716 541
716 556
716 571
716 586
716 601
716 616
716 631
716 646
716 661
716 676
716 691
716 706
729 1
729 16
729 31
729 46
729 61
729 76
729 91
729 106
729 121
729 136
729 151
729 166
729 181
729 196
729 211
729 226
729 241
729 256
729 271
729 286
729 301
729 316
729 331
729 346
729 361
729 376
729 391
729 406
729 421
729 436
729 451
729 466
729 481
729 496
729 511
729 526
729 541
729 556
729 571
729 586
729 601
729 616
729 631
729 646
729 661
729 676
729 691
729 706
729 721
742 1
742 16
742 31
742 46
742 61
742 76
742 91
742 106
742 121
742 136
742 151
742 166
742 181
742 196
742 211
742 226
742 241
742 256
742 271
742 286
742 301
742 316
742 331
742 346
742 361
742 376
742 391
742 406
742 421
742 436
742 451
742 466
742 481
742 496
742 511
742 526
742 541
742 556
742 571
742 586
742 601
742 616
742 631
742 646
742 661
742 676
742 691
742 706
742 721
742 736
755 1
755 16
755 31
755 46
755 61
755 76
755 91
755 106
755 121
755 136
755 151
755 166
755 181
755 196
755 211
755 226
755 241
755 256
755 271
755 286
755 301
755 316
755 331
755 346
755 361
755 376
755 391
755 406
755 421
755 436
755 451
755 466
755 481
755 496
755 511
755 526
755 541
755 556
755 571
755 586
755 601
755 616
755 631
755 646
755 661
755 676
755 691
755 706
755 721
755 736
755 751
768 1
768 16
768 31
768 46
768 61
768 76
768 91
768 106
768 121
768 136
768 151
768 166
768 181
768 196
768 211
768 226
768 241
768 256
768 271
768 286
768 301
768 316
768 331
768 346
768 361
768 376
768 391
768 406
768 421
768 436
768 451
768 466
768 481
768 496
768 511
768 526
768 541
768 556
768 571
768 586
768 601
768 616
768 631
768 646
768 661
768 676
768 691
768 706
768 721
768 736
768 751
768 766
781 1
781 16
781 31
781 46
781 61
781 76
781 91
781 106
781 121
781 136
781 151
781 166
781 181
781 196
781 211
781 226
781 241
781 256
781 271
781 286
781 301
781 316
781 331
781 346
781 361
781 376
781 391
781 406
781 421
781 436
781 451
781 466
781 481
781 496
781 511
781 526
781 541
781 556
781 571
781 586
781 601
781 616
781 631
781 646
781 661
781 676
781 691
781 706
781 721
781 736
781 751
781 766
781 781
794 1
794 16
794 31
794 46
794 61
794 76
794 91
794 106
794 121
794 136
794 151
794 166
794 181
794 196
794 211
794 226
794 241
794 256
794 271
794 286
794 301
794 316
794 331
794 346
794 361
794 376
794 391
794 406
794 421
794 436
794 451
794 466
794 481
794 496
794 511
794 526
794 541
794 556
794 571
794 586
794 601
794 616
794 631
794 646
794 661
794 676
794 691
794 706
794 721
794 736
794 751
794 766
794 781
807 1
807 16
807 31
807 46
807 61
807 76
807 91
807 106
807 121
807 136
807 151
807 166
807 181
807 196
807 211
807 226
807 241
807 256
807 271
807 286
807 301
807 316
807 331
807 346
807 361
807 376
807 391
807 406
807 421
807 436
807 451
807 466
807 481
807 496
807 511
807 526
807 541
807 556
807 571
807 586
807 601
807 616
807 631
807 646
807 661
807 676
807 691
807 706
807 721
807 736
807 751
807 766
807 781
807 796
820 1
820 16
820 31
820 46
820 61
820 76
820 91
820 106
820 121
820 136
820 151
820 166
820 181
820 196
820 211
820 226
820 241
820 256
820 271
820 286
820 301
820 316
820 331
820 346
820 361
820 376
820 391
820 406
820 421
820 436
820 451
820 466
820 481
820 496
820 511
820 526
820 541
820 556
820 571
820 586
820 601
820 616
820 631
820 646
820 661
820 676
820 691
820 706
820 721
820 736
820 751
820 766
820 781
820 796
820 811
833 1
833 16
833 31
833 46
833 61
833 76
833 91
833 106
833 121
833 136
833 151
833 166
833 181
833 196
833 211
833 226
833 241
833 256
833 271
833 286
833 301
833 316
833 331
833 346
833 361
833 376
833 391
833 406
833 421
833 436
833 451
833 466
833 481
833 496
833 511
833 526
833 541
833 556
833 571
833 586
833 601
833 616
833 631
833 646
833 661
833 676
833 691
833 706
833 721
833 736
833 751
833 766
833 781
833 796
833 811
833 826
846 1
846 16
846 31
846 46
846 61
846 76
846 91
846 106
846 121
846 136
846 151
846 166
846 181
846 196
846 211
846 226
846 241
846 256
846 271
846 286
846 301
846 316
846 331
846 346
846 361
846 376
846 391
846 406
846 421
846 436
846 451
846 466
846 481
846 496
846 511
846 526
846 541
846 556
846 571
846 586
846 601
846 616
846 631
846 646
846 661
846 676
846 691
846 706
846 721
846 736
846 751
846 766
846 781
846 796
846 811
846 826
846 841
859 1
859 16
859 31
859 46
859 61
859 76
859 91
859 106
859 121
859 136
859 151
859 166
859 181
859 196
859 211
859 226
859 241
859 256
859 271
859 286
859 301
859 316
859 331
859 346
859 361
859 376
859 391
859 406
859 421
859 436
859 451
859 466
859 481
859 496
859 511
859 526
859 541
859 556
859 571
859 586
859 601
859 616
859 631
859 646
859 661
859 676
859 691
859 706
859 721
859 736
859 751
859 766
859 781
859 796
859 811
859 826
859 841
859 856
872 1
872 16
872 31
872 46
872 61
872 76
872 91
872 106
872 121
872 136
872 151
872 166
872 181
872 196
872 211
872 226
872 241
872 256
872 271
872 286
872 301
872 316
872 331
872 346
872 361
872 376
872 391
872 406
872 421
872 436
872 451
872 466
872 481
872 496
872 511
872 526
872 541
872 556
872 571
872 586
872 601
872 616
872 631
872 646
872 661
872 676
872 691
872 706
872 721
872 736
872 751
872 766
872 781
872 796
872 811
872 826
872 841
872 856
872 871
885 1
885 16
885 31
885 46
885 61
885 76
885 91
885 106
885 121
885 136
885 151
885 166
885 181
885 196
885 211
885 226
885 241
885 256
885 271
885 286
885 301
885 316
885 331
885 346
885 361
885 376
885 391
885 406
885 421
885 436
885 451
885 466
885 481
885 496
885 511
885 526
885 541
885 556
885 571
885 586
885 601
885 616
885 631
885 646
885 661
885 676
885 691
885 706
885 721
885 736
885 751
885 766
885 781
885 796
885 811
885 826
885 841
885 856
885 871
898 1
898 16
898 31
898 46
898 61
898 76
898 91
898 106
898 121
898 136
898 151
898 166
898 181
898 196
898 211
898 226
898 241
898 256
898 271
898 286
898 301
898 316
898 331
898 346
898 361
898 376
898 391
898 406
898 421
898 436
898 451
898 466
898 481
898 496
898 511
898 526
898 541
898 556
898 571
898 586
898 601
898 616
898 631
898 646
898 661
898 676
898 691
898 706
898 721
898 736
898 751
898 766
898 781
898 796
898 811
898 826
898 841
898 856
898 871
898 886
911 1
911 16
911 31
911 46
911 61
911 76
911 91
911 106
911 121
911 136
911 151
911 166
911 181
911 196
911 211
911 226
911 241
911 256
911 271
911 286
911 301
911 316
911 331
911 346
911 361
911 376
911 391
911 406
911 421
911 436
911 451
911 466
911 481
911 496
911 511
911 526
911 541
911 556
911 571
911 586
911 601
911 616
911 631
911 646
911 661
911 676
911 691
911 706
911 721
911 736
911 751
911 766
911 781
911 796
911 811
911 826
911 841
911 856
911 871
911 886
911 901
924 1
924 16
924 31
924 46
924 61
924 76
924 91
924 106
924 121
924 136
924 151
924 166
924 181
924 196
924 211
924 226
924 241
924 256
924 271
924 286
924 301
924 316
924 331
924 346
924 361
924 376
924 391
924 406
924 421
924 436
924 451
924 466
924 481
924 496
924 511
924 526
924 541
924 556
924 571
924 586
924 601
924 616
924 631
924 646
924 661
924 676
924 691
924 706
924 721
924 736
924 751
924 766
924 781
924 796
924 811
924 826
924 841
924 856
924 871
924 886
924 901
924 916
937 1
937 16
937 31
937 46
937 61
937 76
937 91
937 106
937 121
937 136
937 151
937 166
937 181
937 196
937 211
937 226
937 241
937 256
937 271
937 286
937 301
937 316
937 331
937 346
937 361
937 376
937 391
937 406
937 421
937 436
937 451
937 466
937 481
937 496
937 511
937 526
937 541
937 556
937 571
937 586
937 601
937 616
937 631
937 646
937 661
937 676
937 691
937 706
937 721
937 736
937 751
937 766
937 781
937 796
937 811
937 826
937 841
937 856
937 871
937 886
937 901
937 916
937 931
950 1
950 16
950 31
950 46
950 61
950 76
950 91
950 106
950 121
950 136
950 151
950 166
950 181
950 196
950 211
950 226
950 241
950 256
950 271
950 286
950 301
950 316
950 331
950 346
950 361
950 376
950 391
950 406
950 421
950 436
950 451
950 466
950 481
950 496
950 511
950 526
950 541
950 556
950 571
950 586
950 601
950 616
950 631
950 646
950 661
950 676
950 691
950 706
950 721
950 736
950 751
950 766
950 781
950 796
950 811
950 826
950 841
950 856
950 871
950 886
950 901
950 916
950 931
950 946
963 1
963 16
963 31
963 46
963 61
963 76
963 91
963 106
963 121
963 136
963 151
963 166
963 181
963 196
963 211
963 226
963 241
963 256
963 271
963 286
963 301
963 316
963 331
963 346
963 361
963 376
963 391
963 406
963 421
963 436
963 451
963 466
963 481
963 496
963 511
963 526
963 541
963 556
963 571
963 586
963 601
963 616
963 631
963 646
963 661
963 676
963 691
963 706
963 721
963 736
963 751
963 766
963 781
963 796
963 811
963 826
963 841
963 856
963 871
963 886
963 901
963 916
963 931
963 946
963 961
976 1
976 16
976 31
976 46
976 61
976 76
976 91
976 106
976 121
976 136
976 151
976 166
976 181
976 196
976 211
976 226
976 241
976 256
976 271
976 286
976 301
976 316
976 331
976 346
976 361
976 376
976 391
976 406
976 421
976 436
976 451
976 466
976 481
976 496
976 511
976 526
976 541
976 556
976 571
976 586
976 601
976 616
976 631
976 646
976 661
976 676
976 691
976 706
976 721
976 736
976 751
976 766
976 781
976 796
976 811
976 826
976 841
976 856
976 871
976 886
976 901
976 916
976 931
976 946
976 961
976 976
989 1
989 16
989 31
989 46
989 61
989 76
989 91
989 106
989 121
989 136
989 151
989 166
989 181
989 196
989 211
989 226
989 241
989 256
989 271
989 286
989 301
989 316
989 331
989 346
989 361
989 376
989 391
989 406
989 421
989 436
989 451
989 466
989 481
989 496
989 511
989 526
989 541
989 556
989 571
989 586
989 601
989 616
989 631
989 646
989 661
989 676
989 691
989 706
989 721
989 736
989 751
989 766
989 781
989 796
989 811
989 826
989 841
989 856
989 871
989 886
989 901
989 916
989 931
989 946
989 961
989 976
