89
196418
377
6765
34
3
39088169
39088169
1
46368
75025
75025
89
196418
89
89
9227465
17711
196418
14930352
1346269
3
17711
3524578
144
17711
10946
14930352
39088169
610
13
8
89
2584
514229
2178309
196418
4181
9227465
377
28657
89
1
233
3524578
46368
10946
1346269
233
317811
196418
3
17711
24157817
24157817
4181
2
10946
34
2584
14930352
9227465
832040
1
21
121393
55
17711
46368
21
8
5
55
34
55
832040
8
10946
3524578
317811
514229
28657
3
5702887
14930352
55
8
987
89
317811
46368
63245986
121393
2
1597
2584
39088169
1
34
10946
3524578
9227465
63245986
2584
46368
55
1597
121393
3524578
121393
10946
75025
3
2178309
832040
514229
1597
233
1597
2178309
121393
55
89
14930352
9227465
13
610
377
1346269
144
832040
832040
10946
3
8
832040
196418
1346269
13
1597
1597
13
3524578
28657
75025
514229
34
39088169
10946
317811
17711
121393
121393
832040
233
21
6765
1346269
1
610
55
63245986
46368
1597
317811
2
9227465
89
1
832040
89
14930352
377
6765
14930352
10946
317811
63245986
317811
3
89
377
233
63245986
2584
2584
6765
317811
13
196418
21
233
21
2
13
10946
832040
1597
233
5702887
514229
987
610
89
55
34
63245986
14930352
39088169
28657
46368
21
3
34
514229
17711
9227465
5
233
28657
2
196418
5702887
28657
21
55
2584
2584
6765
14930352
39088169
89
514229
39088169
34
24157817
2178309
17711
2584
144
39088169
4181
832040
1597
39088169
1346269
610
21
14930352
1346269
1
5702887
2178309
610
21
8
1
8
9227465
3524578
514229
17711
3
987
89
39088169
1
89
10946
4181
24157817
14930352
144
514229
9227465
2178309
55
832040
2
514229
10946
21
89
514229
610
28657
1
75025
17711
5
21
121393
1597
24157817
2178309
144
34
5702887
89
514229
987
34
21
144
75025
9227465
5702887
514229
89
2178309
75025
6765
39088169
3524578
4181
28657
63245986
14930352
13
34
514229
24157817
121393
514229
3524578
9227465
1597
987
8
75025
21
1
610
377
5702887
10946
14930352
1346269
121393
28657
3524578
9227465
75025
233
2178309
21
2178309
75025
3524578
14930352
89
39088169
8
17711
89
46368
14930352
17711
34
89
610
55
233
121393
3
4181
144
63245986
233
46368
5702887
832040
75025
34
121393
3524578
5702887
17711
21
2584
196418
75025
39088169
1346269
1
75025
24157817
377
5702887
46368
377
5702887
144
63245986
3524578
832040
13
1597
39088169
1597
233
832040
2
317811
2178309
75025
17711
55
233
196418
1
4181
13
75025
28657
3
28657
144
10946
10946
2
2178309
75025
3524578
5
1346269
144
17711
17711
8
46368
6765
196418
55
233
377
832040
55
9227465
3524578
1346269
55
987
196418
5
832040
6765
377
610
46368
4181
5
987
377
2584
17711
89
121393
39088169
3524578
89
3
2584
46368
63245986
2178309
55
13
6765
8
55
24157817
55
9227465
987
196418
2
39088169
3
514229
1
8
5
13
1597
5702887
75025
196418
514229
21
28657
55
17711
1
2
14930352
1597
10946
9227465
5
46368
6765
1
14930352
832040
8
89
89
89
196418
3524578
55
832040
3
317811
2
6765
89
17711
514229
6765
3524578
39088169
2584
5
13
24157817
55
2584
63245986
28657
55
24157817
3
24157817
317811
3524578
13
89
55
6765
317811
3524578
46368
5
6765
1346269
46368
9227465
14930352
2178309
832040
28657
5
14930352
987
121393
24157817
8
24157817
1597
1346269
514229
89
987
17711
1597
2178309
24157817
987
75025
89
28657
34
514229
5
63245986
144
987
610
233
1
46368
377
377
144
1597
34
144
2
13
2
1346269
9227465
196418
21
9227465
2584
28657
17711
5702887
1346269
10946
610
4181
75025
10946
832040
121393
377
5
28657
55
39088169
63245986
10946
3524578
377
24157817
377
14930352
3524578
987
75025
1
317811
89
6765
233
89
610
610
17711
17711
89
24157817
46368
39088169
2178309
2
987
3524578
55
3524578
9227465
2178309
2584
55
1597
144
2178309
610
34
1346269
55
21
5
55
1597
514229
832040
75025
3524578
5702887
89
6765
3
2584
610
63245986
2178309
5
46368
10946
28657
514229
610
21
144
24157817
514229
14930352
89
196418
196418
10946
34
55
233
377
89
24157817
610
2
233
2178309
46368
89
2178309
63245986
832040
317811
196418
3
9227465
121393
2584
55
13
13
3
28657
10946
28657
121393
2
55
89
34
55
3
17711
4181
3524578
1346269
46368
2584
2178309
832040
5
610
4181
28657
17711
2584
13
46368
21
89
46368
3524578
9227465
75025
2178309
121393
39088169
34
17711
63245986
75025
34
46368
75025
6765
5
317811
39088169
832040
89
2
144
2178309
2178309
13
55
2
10946
28657
28657
13
55
34
610
5
317811
28657
196418
21
28657
24157817
34
28657
34
89
317811
17711
21
6765
10946
39088169
5702887
21
121393
55
514229
2
832040
6765
317811
196418
987
28657
9227465
121393
75025
39088169
233
514229
46368
317811
2
63245986
1597
8
46368
9227465
39088169
8
89
75025
9227465
89
514229
987
46368
9227465
3
17711
9227465
3524578
17711
14930352
317811
2178309
121393
8
233
514229
3
75025
121393
144
610
233
5
14930352
987
10946
377
5702887
987
144
987
39088169
1
9227465
610
89
832040
89
75025
89
24157817
121393
55
55
17711
5702887
233
3524578
987
144
21
17711
3524578
377
28657
5702887
28657
987
317811
3
24157817
233
514229
317811
55
55
39088169
2584
55
9227465
89
46368
28657
14930352
2
514229
17711
89
34
317811
1
233
5702887
6765
1
2
1346269
34
39088169
4181
21
4181
89
2
75025
10946
46368
2178309
5
3524578
2584
514229
1
2584
24157817
55
10946
5702887
317811
89
63245986
233
9227465
514229
1597
514229
2584
6765
89
46368
24157817
610
9227465
610
55
63245986
144
21
1
5702887
5
832040
3
377
6765
610
1346269
10946
9227465
63245986
832040
2584
3524578
317811
1597
144
14930352
34
3524578
21
10946
832040
2
2
317811
46368
2584
55
1346269
5
377
1346269
233
196418
3524578
610
21
75025
14930352
514229
55
39088169
514229
233
8
55
14930352
34
